905.00000000000000000000000000000000000000000000000000
906.00000000000000000000000000000000000000000000000000
907.00000000000000000000000000000000000000000000000000
908.00000000000000000000000000000000000000000000000000
909.00000000000000000000000000000000000000000000000000
910.00000000000000000000000000000000000000000000000000
911.00000000000000000000000000000000000000000000000000
912.00000000000000000000000000000000000000000000000000
913.00000000000000000000000000000000000000000000000000
914.00000000000000000000000000000000000000000000000000
915.00000000000000000000000000000000000000000000000000
916.00000000000000000000000000000000000000000000000000
917.00000000000000000000000000000000000000000000000000
918.00000000000000000000000000000000000000000000000000
919.00000000000000000000000000000000000000000000000000
920.00000000000000000000000000000000000000000000000000
921.00000000000000000000000000000000000000000000000000
922.00000000000000000000000000000000000000000000000000
923.00000000000000000000000000000000000000000000000000
924.00000000000000000000000000000000000000000000000000
925.00000000000000000000000000000000000000000000000000
926.00000000000000000000000000000000000000000000000000
927.00000000000000000000000000000000000000000000000000
928.00000000000000000000000000000000000000000000000000
929.00000000000000000000000000000000000000000000000000
930.00000000000000000000000000000000000000000000000000
931.00000000000000000000000000000000000000000000000000
932.00000000000000000000000000000000000000000000000000
933.00000000000000000000000000000000000000000000000000
934.00000000000000000000000000000000000000000000000000
935.00000000000000000000000000000000000000000000000000
936.00000000000000000000000000000000000000000000000000
937.00000000000000000000000000000000000000000000000000
938.00000000000000000000000000000000000000000000000000
939.00000000000000000000000000000000000000000000000000
940.00000000000000000000000000000000000000000000000000
941.00000000000000000000000000000000000000000000000000
942.00000000000000000000000000000000000000000000000000
943.00000000000000000000000000000000000000000000000000
944.00000000000000000000000000000000000000000000000000
945.00000000000000000000000000000000000000000000000000
946.00000000000000000000000000000000000000000000000000
947.00000000000000000000000000000000000000000000000000
948.00000000000000000000000000000000000000000000000000
949.00000000000000000000000000000000000000000000000000
950.00000000000000000000000000000000000000000000000000
951.00000000000000000000000000000000000000000000000000
952.00000000000000000000000000000000000000000000000000
953.00000000000000000000000000000000000000000000000000
954.00000000000000000000000000000000000000000000000000
955.00000000000000000000000000000000000000000000000000
956.00000000000000000000000000000000000000000000000000
957.00000000000000000000000000000000000000000000000000
958.00000000000000000000000000000000000000000000000000
959.00000000000000000000000000000000000000000000000000
960.00000000000000000000000000000000000000000000000000
961.00000000000000000000000000000000000000000000000000
962.00000000000000000000000000000000000000000000000000
963.00000000000000000000000000000000000000000000000000
964.00000000000000000000000000000000000000000000000000
965.00000000000000000000000000000000000000000000000000
966.00000000000000000000000000000000000000000000000000
967.00000000000000000000000000000000000000000000000000
968.00000000000000000000000000000000000000000000000000
969.00000000000000000000000000000000000000000000000000
970.00000000000000000000000000000000000000000000000000
971.00000000000000000000000000000000000000000000000000
972.00000000000000000000000000000000000000000000000000
973.00000000000000000000000000000000000000000000000000
974.00000000000000000000000000000000000000000000000000
975.00000000000000000000000000000000000000000000000000
976.00000000000000000000000000000000000000000000000000
977.00000000000000000000000000000000000000000000000000
978.00000000000000000000000000000000000000000000000000
979.00000000000000000000000000000000000000000000000000
980.00000000000000000000000000000000000000000000000000
981.00000000000000000000000000000000000000000000000000
982.00000000000000000000000000000000000000000000000000
983.00000000000000000000000000000000000000000000000000
984.00000000000000000000000000000000000000000000000000
985.00000000000000000000000000000000000000000000000000
986.00000000000000000000000000000000000000000000000000
987.00000000000000000000000000000000000000000000000000
988.00000000000000000000000000000000000000000000000000
989.00000000000000000000000000000000000000000000000000
990.00000000000000000000000000000000000000000000000000
991.00000000000000000000000000000000000000000000000000
992.00000000000000000000000000000000000000000000000000
993.00000000000000000000000000000000000000000000000000
994.00000000000000000000000000000000000000000000000000
995.00000000000000000000000000000000000000000000000000
996.00000000000000000000000000000000000000000000000000
997.00000000000000000000000000000000000000000000000000
998.00000000000000000000000000000000000000000000000000
999.00000000000000000000000000000000000000000000000000
1000.00000000000000000000000000000000000000000000000000
1001.00000000000000000000000000000000000000000000000000
1002.00000000000000000000000000000000000000000000000000
1003.00000000000000000000000000000000000000000000000000
1004.00000000000000000000000000000000000000000000000000
1005.00000000000000000000000000000000000000000000000000
1006.00000000000000000000000000000000000000000000000000
1007.00000000000000000000000000000000000000000000000000
1008.00000000000000000000000000000000000000000000000000
1009.00000000000000000000000000000000000000000000000000
1010.00000000000000000000000000000000000000000000000000
1011.00000000000000000000000000000000000000000000000000
1012.00000000000000000000000000000000000000000000000000
1013.00000000000000000000000000000000000000000000000000
1014.00000000000000000000000000000000000000000000000000
1015.00000000000000000000000000000000000000000000000000
1016.00000000000000000000000000000000000000000000000000
1017.00000000000000000000000000000000000000000000000000
1018.00000000000000000000000000000000000000000000000000
1019.00000000000000000000000000000000000000000000000000
1020.00000000000000000000000000000000000000000000000000
1021.00000000000000000000000000000000000000000000000000
1022.00000000000000000000000000000000000000000000000000
1023.00000000000000000000000000000000000000000000000000
1024.00000000000000000000000000000000000000000000000000
1025.00000000000000000000000000000000000000000000000000
1026.00000000000000000000000000000000000000000000000000
1027.00000000000000000000000000000000000000000000000000
1028.00000000000000000000000000000000000000000000000000
1029.00000000000000000000000000000000000000000000000000
1030.00000000000000000000000000000000000000000000000000
1031.00000000000000000000000000000000000000000000000000
1032.00000000000000000000000000000000000000000000000000
1033.00000000000000000000000000000000000000000000000000
1034.00000000000000000000000000000000000000000000000000
1035.00000000000000000000000000000000000000000000000000
1036.00000000000000000000000000000000000000000000000000
1037.00000000000000000000000000000000000000000000000000
1038.00000000000000000000000000000000000000000000000000
1039.00000000000000000000000000000000000000000000000000
1040.00000000000000000000000000000000000000000000000000
1041.00000000000000000000000000000000000000000000000000
1042.00000000000000000000000000000000000000000000000000
1043.00000000000000000000000000000000000000000000000000
1044.00000000000000000000000000000000000000000000000000
1045.00000000000000000000000000000000000000000000000000
1046.00000000000000000000000000000000000000000000000000
1047.00000000000000000000000000000000000000000000000000
1048.00000000000000000000000000000000000000000000000000
1049.00000000000000000000000000000000000000000000000000
1050.00000000000000000000000000000000000000000000000000
1051.00000000000000000000000000000000000000000000000000
1052.00000000000000000000000000000000000000000000000000
1053.00000000000000000000000000000000000000000000000000
1054.00000000000000000000000000000000000000000000000000
1055.00000000000000000000000000000000000000000000000000
1056.00000000000000000000000000000000000000000000000000
1057.00000000000000000000000000000000000000000000000000
1058.00000000000000000000000000000000000000000000000000
1059.00000000000000000000000000000000000000000000000000
1060.00000000000000000000000000000000000000000000000000
1061.00000000000000000000000000000000000000000000000000
1062.00000000000000000000000000000000000000000000000000
1063.00000000000000000000000000000000000000000000000000
1064.00000000000000000000000000000000000000000000000000
1065.00000000000000000000000000000000000000000000000000
1066.00000000000000000000000000000000000000000000000000
1067.00000000000000000000000000000000000000000000000000
1068.00000000000000000000000000000000000000000000000000
1069.00000000000000000000000000000000000000000000000000
1070.00000000000000000000000000000000000000000000000000
1071.00000000000000000000000000000000000000000000000000
1072.00000000000000000000000000000000000000000000000000
1073.00000000000000000000000000000000000000000000000000
1074.00000000000000000000000000000000000000000000000000
1075.00000000000000000000000000000000000000000000000000
1076.00000000000000000000000000000000000000000000000000
1077.00000000000000000000000000000000000000000000000000
1078.00000000000000000000000000000000000000000000000000
1079.00000000000000000000000000000000000000000000000000
1080.00000000000000000000000000000000000000000000000000
1081.00000000000000000000000000000000000000000000000000
1082.00000000000000000000000000000000000000000000000000
1083.00000000000000000000000000000000000000000000000000
1084.00000000000000000000000000000000000000000000000000
1085.00000000000000000000000000000000000000000000000000
1086.00000000000000000000000000000000000000000000000000
1087.00000000000000000000000000000000000000000000000000
1088.00000000000000000000000000000000000000000000000000
1089.00000000000000000000000000000000000000000000000000
1090.00000000000000000000000000000000000000000000000000
1091.00000000000000000000000000000000000000000000000000
1092.00000000000000000000000000000000000000000000000000
1093.00000000000000000000000000000000000000000000000000
1094.00000000000000000000000000000000000000000000000000
1095.00000000000000000000000000000000000000000000000000
