-1.71158025463658858278392926877131685614585876464844
-1.44893662670123912761255269288085401058197021484375
-1.21798157374270066277688329137163236737251281738281
-1.35331675550995988999147812137380242347717285156250
1.42013959012872326148624324559932574629783630371094
-1.07165222131605375466278928797692060470581054687500
-1.77355435971924801918930825195275247097015380859375
-1.28277509426628988364882388850674033164978027343750
0.18164887242058638805453085751651087775826454162598
0.86201087853130553551039838566794060170650482177734
1.67259580128179696778545348934130743145942687988281
2.44536341141622903805341593397315591573715209960938
-1.70398535464684663942591669183457270264625549316406
-2.21591527950254318923839491617400199174880981445312
2.33456443509230515687136175984051078557968139648438
-2.18049406557457503552654998202342540025711059570312
-1.86182128876142916062974563828902319073677062988281
-1.69175492792241599637748095119604840874671936035156
-1.70800562354439566803421257645823061466217041015625
0.63437332370305210549332741720718331634998321533203
1.07824718583122325377132710855221375823020935058594
1.31965060296644387527464914455777034163475036621094
1.68671760005402471271906961192144080996513366699219
1.82907493207521798517234401515452191233634948730469
2.13401572026196229003858206851873546838760375976562
-1.41903420210841946236257626878796145319938659667969
-1.21533112361633666154148158966563642024993896484375
-1.43003548095289523267581444088136777281761169433594
-1.06141664120754430911119925440289080142974853515625
-0.05572986945724946877822603141794388648122549057007
0.50289916084684394004256091648130677640438079833984
0.30824003017040652041558246310160029679536819458008
-1.04205577145679240125275555328698828816413879394531
2.52589051897125216328277019783854484558105468750000
2.22462394480935854446101984649430960416793823242188
2.12167023781334362908523871737997978925704956054688
2.19889157702597115573439623403828591108322143554688
2.09700172801717288351142087776679545640945434570312
2.10140481026673020537032243737485259771347045898438
2.10861351729202883831248982460238039493560791015625
2.16840075870639203969858499476686120033264160156250
-0.10946755979987844720202616599635803140699863433838
-2.55546270749669046651320059027057141065597534179688
-2.17581608543841253933237567252945154905319213867188
0.68215330055136791376213523108162917196750640869141
1.02349003351739442635448540386278182268142700195312
1.14051499462079974911432600492844358086585998535156
1.07838878571996321653614359092898666858673095703125
0.81251061267789115305504310526885092258453369140625
0.44636022905290501094910382562375161796808242797852
0.53330008861270106201857288397150114178657531738281
-0.87654470315516774814312839225749485194683074951172
-0.45137996248784784114604917704127728939056396484375
-0.81559964181129041005391400176449678838253021240234
0.15710681819315341911647010419983416795730590820312
-0.57087086589678703862915654099197126924991607666016
-0.91002183621674059832429293237510137259960174560547
-0.90421833705783327683747074843267910182476043701172
-0.73652136697876502413606658592470921576023101806641
-0.68259522735425859352176303218584507703781127929688
-1.01278035774148400527394642267609015107154846191406
-1.06090299820708300337912532995687797665596008300781
-0.74382420940897386874013363922131247818470001220703
-1.48832149774749566972786851692944765090942382812500
0.71227703088479943360766810656059533357620239257812
0.81964086010179049157642339196172542870044708251953
0.50324875361872745127556072475272230803966522216797
2.00727426162710953505552424758207052946090698242188
1.25631347334992593545166528201662003993988037109375
1.69523557573213601301631570095196366310119628906250
2.35029945658959205090354771527927368879318237304688
2.71918683321998644331074501678813248872756958007812
2.37960783262867447973576418007723987102508544921875
1.78342937450240057728478859644383192062377929687500
1.67106213366199862768723960471106693148612976074219
1.36975027654611891669844681018730625510215759277344
1.37852791041276590000563828652957454323768615722656
-1.15543152943383220510042974638054147362709045410156
-1.30458029730140867563648043869761750102043151855469
-1.33765432362452396652940933563513681292533874511719
-1.35127491595682158731506206095218658447265625000000
-1.82883842241438432374422973225591704249382019042969
-1.95737767514127458667871906072832643985748291015625
-1.84550905318139446542602399858878925442695617675781
-1.57543037620642834006901011889567598700523376464844
-2.55169183623170026109505670319776982069015502929688
-2.26777525070975727317090786527842283248901367187500
-1.93822284882408979456158704124391078948974609375000
-2.03395288536042517790747297112829983234405517578125
2.09653711897245687012514281377661973237991333007812
1.89635791395674324633091600844636559486389160156250
1.92548791879612513078257052256958559155464172363281
1.55218995005651616558850491855992004275321960449219
1.43633924263166146140235923667205497622489929199219
1.37674714752175186838201170758111402392387390136719
1.82733550304158853805347462184727191925048828125000
2.06828447184791031077111256308853626251220703125000
0.50380138412652186730156245175749063491821289062500
0.07424514930609514562487305511240265332162380218506
-0.16115292095469679889419012397411279380321502685547
-0.03171363840889455248950312693523301277309656143188
0.18189332397354909809372713880293304100632667541504
0.22371921894938373576167123246705159544944763183594
0.34943009780482686688074522862734738737344741821289
-0.85087512419542432606789361670962534844875335693359
-0.86049596932478777944197645410895347595214843750000
-0.62569069533014498585288265530834905803203582763672
-0.53060453188082312703244269869173876941204071044922
-1.15263988050596410950277004303643479943275451660156
-0.22151605401787297089377659631281858310103416442871
-0.34819061060239464566734568506944924592971801757812
-0.40626897082951446416032581510080490261316299438477
-0.51184081867906006113599914897349663078784942626953
-0.97857751908401657825464781126356683671474456787109
-0.95078489882277994471593274283804930746555328369141
0.06454924357565949843973385213757865130901336669922
-0.14843414572077007207440146885346621274948120117188
-0.78587645119911331281770117129781283438205718994141
0.57298850710869508873201993992552161216735839843750
0.58735765369832981797060256212716922163963317871094
0.67868017806397318292255249616573564708232879638672
0.57164993684759546344054115252220071852207183837891
0.83741388020138962655636305498774163424968719482422
0.71601449239537717783576908914255909621715545654297
1.28389171246175637364217436697799712419509887695312
1.29420301394820191909218465298181399703025817871094
1.01019338569292149720979523408459499478340148925781
-0.04492180155135436919744407191501522902399301528931
0.15075792706518714725305585488968063145875930786133
0.11867267926133845401537314501183573156595230102539
-0.04475560622740393929008817508474749047309160232544
0.15443586526408623060824254480394301936030387878418
0.34846801702398561007001376310654450207948684692383
0.69914039662278215647717161118634976446628570556641
0.62586668980410575802153516633552499115467071533203
-0.44943683979773768610854745020333211869001388549805
-0.64919170659852165616854335894458927214145660400391
1.45928732234418934154973612749017775058746337890625
1.47149657112309850681697298568906262516975402832031
1.80544137003502203064897457807091996073722839355469
1.84849129317458782395533489761874079704284667968750
2.03793147836807309047912895039189606904983520507812
1.95647841279708045725271858827909454703330993652344
2.21522694464759561938649312651250511407852172851562
2.22875810376295691028758483298588544130325317382812
1.94347551786094174808283696620492264628410339355469
1.55576530290666537048593909275950863957405090332031
0.34731184389300689963064883158949669450521469116211
1.10331475193461625572410866880090907216072082519531
1.19838695225460489801605490356450900435447692871094
-1.42844711902311360951500773808220401406288146972656
-0.89684459617493228478224409627728164196014404296875
-0.77821483248776723851136694065644405782222747802734
-2.11859304594927877474219712894409894943237304687500
-1.84983726044937313304217241238802671432495117187500
-1.89755156556444970483710221742512658238410949707031
-2.10475513740230235626427202078048139810562133789062
-1.57319814461346996203872095065889880061149597167969
-1.58836114958583718426154973712982609868049621582031
-1.89211663445236411007499555125832557678222656250000
-1.61777994621099030503330595820443704724311828613281
-1.65844887252384687315043265698477625846862792968750
-1.85752708802373711627353713993215933442115783691406
-1.88414588153521678215440715575823560357093811035156
-1.96497082914703047329396667919354513287544250488281
0.77906797753714618348652720669633708894252777099609
1.84082449577612838886864210508065298199653625488281
1.77949863893999271624579705530777573585510253906250
1.40759330247325231688648727867985144257545471191406
1.64398707751501294005436193401692435145378112792969
1.76359113467584793788489605503855273127555847167969
1.91868904599195100324493523658020421862602233886719
2.14097110738829643494796073355246335268020629882812
2.05515444441411920806217494828160852193832397460938
2.00670027184651322826880459615495055913925170898438
1.93741902350458716774994627485284581780433654785156
0.69704806390397722193341678575961850583553314208984
1.22115091545237763881459613912738859653472900390625
1.31779487810882334208884003601269796490669250488281
1.28135743166375082324748291284777224063873291015625
1.21498099721811203544064028392313048243522644042969
1.30403940672241347442650294397026300430297851562500
0.46117306910942296171995735676318872720003128051758
0.55061896982633451447242123322212137281894683837891
0.86401221178548059942414738543448038399219512939453
0.64224284279390730922898455901304259896278381347656
0.78008089191116969374206746579147875308990478515625
0.70618632498326350255268835098831914365291595458984
-0.56013801305867438884433795465156435966491699218750
-0.29192369607317314450511958057177253067493438720703
-0.41666598819266525977056403462484013289213180541992
-0.63245454321695282473569932335522025823593139648438
0.73447897987043386791583543526940047740936279296875
0.78867122316501825363133093560463748872280120849609
0.63535735173560192734498741629067808389663696289062
0.52534609734331538799523286797921173274517059326172
0.74532279485179486755441757850348949432373046875000
0.60878754200407192431754310746327973902225494384766
0.43040548513466508895319861949246842414140701293945
0.40388148667922868506607869676372501999139785766602
0.12322970248532234827099074436773662455379962921143
-0.06673701244117086206486533228599000722169876098633
0.12467393432806578301708100298128556460142135620117
-0.03430592249726654302532935503222688566893339157104
-0.03918824478398705291048997878533555194735527038574
-0.03738113266792043171138359980432142037898302078247
-0.06836799076908128824925370281562209129333496093750
-0.03332175704078133016139418032253161072731018066406
-0.06471150034669671813336577770314761437475681304932
-0.99736218787769692628586426508263684809207916259766
-0.89304626301160572321435893172747455537319183349609
-1.05542563094064045792208617058349773287773132324219
-1.02372937676602915324508558114757761359214782714844
-0.94011645844401303673265601901221089065074920654297
-1.08718027446389942092253022565273568034172058105469
-0.87913552726560484362750003128894604742527008056641
-0.95175519795708485304430723772384226322174072265625
-1.16526969408646841053212028782581910490989685058594
-1.09082554875806203575905328762019053101539611816406
-0.77639258926200793720084902815870009362697601318359
-0.60346471399377243916006818835739977657794952392578
-0.62584527406157508533368627468007616698741912841797
-0.59613188053028887125606161134783178567886352539062
-0.70444168442694377052504250968922860920429229736328
-0.79797290929216979638027851251536048948764801025391
-0.78199314430413979781775424271472729742527008056641
-0.59973467584825845833051971567329019308090209960938
-0.63877866256719040283229560373001731932163238525391
-0.59217494273791226877534654704504646360874176025391
-0.62220452430211403704873873721226118505001068115234
-0.95435085403956609884090767081943340599536895751953
-0.80015961779675348619633723501465283334255218505859
-1.13550215338116555763292581104906275868415832519531
-1.07426553022209625432026314229005947709083557128906
-0.98548187754760452339297671642270870506763458251953
-0.98381818831209866260678609251044690608978271484375
-1.97556057120545069949457683833315968513488769531250
-0.91703652438260319090801431229920126497745513916016
-2.31136636967839415035541605902835726737976074218750
-1.17251638431958316033387745846994221210479736328125
-0.51977759172916393470842422175337560474872589111328
-0.45026186011121333008233591499447356909513473510742
-0.72247574899332056563849846497760154306888580322266
-0.82338689404306186769844089212710969150066375732422
-0.52823349321627299790549159297370351850986480712891
-0.44092752950936892064603966900904197245836257934570
-0.73659900473962780509395997796673327684402465820312
-0.60153417926977137408783846694859676063060760498047
-0.58450056870279221143960057816002517938613891601562
-0.82370769383721020862054729150258935987949371337891
-0.77271767745943742422554123550071381032466888427734
-0.19970202655057836538254889546806225553154945373535
-0.00296728690312607823117985184069311799248680472374
0.25660349977559532286264243339246604591608047485352
0.18222348213206696065924461436225101351737976074219
-0.32414885183744884811218867071147542446851730346680
-0.15747691852661113709466178534057689830660820007324
-0.27026917323473692578161831079341936856508255004883
-0.08131094918271992988412222302940790541470050811768
0.59049582643708775631097296354710124433040618896484
0.55228416353661646809314333950169384479522705078125
0.47291116691673079630575671217229682952165603637695
0.50666770131443206182098037970717996358871459960938
0.11792862989871583101475494004262145608663558959961
0.15018007302651495415979354675073409453034400939941
0.12031893946844185450117947766557335853576660156250
0.15333221436327235109864375317556550726294517517090
0.31466738519464804157976800524920690804719924926758
0.31542921696167941503219367405108641833066940307617
0.51115479490209991819682500135968439280986785888672
0.51102321542990003511164331939653493463993072509766
0.34800224155534703607273172565328422933816909790039
0.31606709239385472054451042822620365768671035766602
0.31729381348017848818443553682300262153148651123047
0.34936054211387063128668728495540563017129898071289
1.08249288897387940799887928733369335532188415527344
0.97853138686253304800999330836930312216281890869141
0.74336797676208288265797818894498050212860107421875
0.93931701859517513497621621354483067989349365234375
0.93093742988180705477674337089410983026027679443359
0.71148163780971662717433900979813188314437866210938
0.90697477852234753559201863026828505098819732666016
1.00732733206470181919200967968208715319633483886719
1.15188209744675496004617798462277278304100036621094
0.73771333618351198069262864009942859411239624023438
0.75448580085903538261504763795528560876846313476562
0.73138801223540717000304312023217789828777313232422
-0.43483902274807872956330356828402727842330932617188
-0.43016880494384307498378916534420568495988845825195
-0.27714017569598531354202464171976316720247268676758
-0.08626874172000946472405047416032175533473491668701
-0.25396286874033358049729258709703572094440460205078
-0.28219696085435513888128866710758302360773086547852
-0.24233062409638458922778170290257548913359642028809
-0.07969328223443031267159142316813813522458076477051
-0.47956258500720361226399290899280458688735961914062
-0.64225124559518020905812818455160595476627349853516
-0.62989568751032487536889448165311478078365325927734
-0.47002155311591442554686182120349258184432983398438
-0.83583928697546927555350748662021942436695098876953
-0.66453052828732761536656425960245542228221893310547
-0.66734505448089398438327179974294267594814300537109
-0.22818715828108163123921769965818384662270545959473
1.26579667795797523588419153384165838360786437988281
1.48863351905964313992569714173441752791404724121094
1.19743977102288545744102066237246617674827575683594
1.67570673707822148656987337744794785976409912109375
1.60976335102488543604692949884338304400444030761719
1.56450190239448616580375528428703546524047851562500
1.72439580278706938720745256432564929127693176269531
1.73507665711676217767944763181731104850769042968750
1.58390048252455528654536465182900428771972656250000
1.83038125800394646525148800719762220978736877441406
1.59777576657636166679310463223373517394065856933594
1.55256651442627457981870975345373153686523437500000
1.61121947625552763838641112670302391052246093750000
1.78911465519662082890306464832974597811698913574219
1.42169596939230191701142302918015047907829284667969
1.36449822379669960525916394544765353202819824218750
1.39817066001611056691444900934584438800811767578125
1.47890961038509094471748994692461565136909484863281
0.51328691899616118998750380342244170606136322021484
0.51289257763221385300056454070727340877056121826172
0.54672475213677862448946598306065425276756286621094
0.96340496389751117956024017985328100621700286865234
0.92680252066132007282561744432314299046993255615234
1.15815361133731786758005455340025946497917175292969
1.16243866632884618184107239358127117156982421875000
1.18682611625357181672768547286977991461753845214844
1.39185074599874414325029192696092650294303894042969
0.54742789066143460185998037559329532086849212646484
0.71878282846998386990122753559262491762638092041016
1.14753082363337854943097227078396826982498168945312
1.34722372446511973187455168954329565167427062988281
1.10781314362389871064351609675213694572448730468750
1.09965993414831553209864978271070867776870727539062
1.33414030086229629112892780540278181433677673339844
1.12629419055497193014048207260202616453170776367188
1.37158181858764116611837380332872271537780761718750
1.13733289575768958812318487616721540689468383789062
-0.86940705133085971478834608205943368375301361083984
-1.36926525390803255355365308787440881133079528808594
-1.51822118236510061883848266006680205464363098144531
-1.41691104517539634422007566172396764159202575683594
-1.43780031879489667012705922388704493641853332519531
-1.36259666265581480537605330027872696518898010253906
-1.69861843057257755340572202840121462941169738769531
-1.67251194952195514353832095366669818758964538574219
-0.88282367730781474701728939180611632764339447021484
-0.87276667738173718813499135649180971086025238037109
-0.90182949334990458734040430499590002000331878662109
-1.95263990153913691294462751102400943636894226074219
-1.93727852445913950596434460749151185154914855957031
-1.87572631079708673773609461932210251688957214355469
-2.02600467673096007459321299393195658922195434570312
-1.75062291611520648437760883098235353827476501464844
-1.78432255117158500290486244921339675784111022949219
-1.88060846236429024536107590392930433154106140136719
-1.80419313032909123251101846108213067054748535156250
-2.01092804532925262250842024513985961675643920898438
0.94150646044667685163886972077307291328907012939453
1.02103698129323050558525665110209956765174865722656
1.23654581606913005487058399012312293052673339843750
1.08146911267949774604346657724818214774131774902344
1.33095471718059665811040304106427356600761413574219
1.10521430135459119981078401906415820121765136718750
1.52408376329679096095048862480325624346733093261719
1.50107423386441496404586359858512878417968750000000
1.31983957287708975059103977400809526443481445312500
1.39050328531346267801893645810196176171302795410156
1.37666358750455075643515101546654477715492248535156
1.45932494419374791938537327951053157448768615722656
1.51590088660205313253470649215159937739372253417969
1.52789853085487714601242714707041159272193908691406
1.49112066181066005299271637341007590293884277343750
1.44357106217733721642559885367518290877342224121094
1.62146624111843018489764745027059689164161682128906
1.69186284876513792774233024829300120472908020019531
1.56545991880012880237416084128199145197868347167969
0.72351072420084838743292721119360066950321197509766
0.71231255722416364495330753925372846424579620361328
0.73284257780460981823722477201954461634159088134766
0.54230900955158811704848176304949447512626647949219
0.70682689060716441531440068501979112625122070312500
0.73721649165233971157107362159877084195613861083984
0.69960546614455132452548014043713919818401336669922
0.53946149893670480857110760553041473031044006347656
0.89693732185305619086790329674840904772281646728516
0.89016287048986875163336662808433175086975097656250
0.91293996200867189028116399640566669404506683349609
1.08927828404033966158692692260956391692161560058594
1.10043154553710653686948717222549021244049072265625
0.93086767486862609377595845217001624405384063720703
0.68207599986873279629406852109241299331188201904297
0.81033046476721359852035675430670380592346191406250
0.61960296862490615854568432041560299694538116455078
0.96308644359347395091930366106680594384670257568359
1.14568493978923702236727422132389619946479797363281
1.14919561322035490569248850079020485281944274902344
0.34015786551397403369989547172735910862684249877930
0.12720914108487765825650228634913219138979911804199
0.04837206399846666338149248076661024242639541625977
0.19706349134712008996928034321172162890434265136719
0.25533521475815601498027263005496934056282043457031
0.31959251183859893608030233735917136073112487792969
0.81806680090768713053961391779012046754360198974609
0.87327195857629502651064967722049914300441741943359
1.02114676063996201449413092632312327623367309570312
1.21090697877885333788583466230193153023719787597656
1.26974295236779033402285676856990903615951538085938
-0.35653625183967524447936625620059203356504440307617
-0.18683313992497119215840939432382583618164062500000
0.00256628440825475709688441305900141742313280701637
-0.05997156267910732502235404695056786295026540756226
-0.13060855523598494110082413044437998905777931213379
-0.10893530940988009614311948780596139840781688690186
-0.30411048987846156510528317085118032991886138916016
0.24816887311975421859244761435547843575477600097656
0.21748555799154686840601868880185065791010856628418
-0.25508502727364229523132621579861734062433242797852
-0.22389633222916702215421480559598421677947044372559
-0.41396281855784505809836559819814283400774002075195
-0.22493767886715590464952185811853269115090370178223
0.12645622830618288845450081225862959399819374084473
0.15724061652908441488740720615169266238808631896973
0.12579189812048199859084718355006771162152290344238
-0.40886101830769394638309677247889339923858642578125
-0.25295447899559647675360452012682799249887466430664
-0.82991837873748142140328809546190313994884490966797
-1.01224456032941012573189709655707702040672302246094
-0.95597549344459997744394286200986243784427642822266
-0.81866916884324281156182223639916628599166870117188
-0.96726413833711266665460470903781242668628692626953
-0.77997274565652352507072464504744857549667358398438
-0.77604016814308673932742976830922998487949371337891
-0.80344794643729322558556305011734366416931152343750
-1.16944501744855511304876927169971168041229248046875
-1.10654470505398005997221844154410064220428466796875
-2.08812467062897821890032901137601584196090698242188
-2.00779873209301440439844554930459707975387573242188
-1.19878254462936584268106798845110461115837097167969
-1.29208057659398201089118174422765150666236877441406
-1.26275797363586117505462880217237398028373718261719
-1.79061866907644606783378549152985215187072753906250
-1.61934146510758325554490966169396415352821350097656
-1.56748346962699702800136947189457714557647705078125
-1.41181386633469041491650841635419055819511413574219
-1.52961121848345094065280136419460177421569824218750
-1.72699490350293616280907826876500621438026428222656
-1.36335075763047686159268323535798117518424987792969
-1.39677406546146687382758955209283158183097839355469
-0.28205349348940950138242556022305507212877273559570
-0.30433978423058888340690941731736529618501663208008
0.30239652697237368039751004289428237825632095336914
0.03128176968139301239446581348602194339036941528320
-0.08449388405319042949503938189081964083015918731689
-0.03592248828298209850640176910019363276660442352295
-0.04431356859454722157964923212603025604039430618286
0.15368323795481711457888707172969589009881019592285
0.11851044126526359689943745934215257875621318817139
-0.05149330370905794845848291174661426339298486709595
-0.04977449084796748551839939977980975527316331863403
0.34612541501560895040867649186111520975828170776367
0.31405881035592225769548235803085844963788986206055
0.31714635924162704050388583709718659520149230957031
0.51240928727947188114910659351153299212455749511719
0.84314592235907293016339281166438013315200805664062
0.80318422861789251498976227594539523124694824218750
0.76393065151443695359745333917089737951755523681641
-0.88827435895889472750042159532313235104084014892578
-0.90221362461671139598706758988555520772933959960938
-0.85306974963199710959571575585869140923023223876953
-0.69151597814076293246898785582743585109710693359375
-0.81689801359854208318012069867108948528766632080078
-0.69508057348498331062813804237521253526210784912109
-0.71083116764813691901281345053575932979583740234375
-0.73148401439672616763942869511083699762821197509766
-0.90697705154577690223050012718886137008666992187500
-1.37476786042815501964753366337390616536140441894531
-0.42188123392099524666676302331325132399797439575195
-0.62392728674467923255519963277038186788558959960938
-0.65465393838546848126469512862968258559703826904297
-0.45938293454603318366480380063876509666442871093750
-0.45555445466525562592252640570222865790128707885742
-0.60678901501246063077132930629886686801910400390625
-0.79819065680142387009254889562726020812988281250000
-0.44516564846986400594275323783222120255231857299805
-0.62910463864174837045339927499298937618732452392578
-0.63607333989240999461145520399441011250019073486328
-0.60508243278687690036576896090991795063018798828125
-0.44219439649775865719405487652693409472703933715820
-0.59514247956410992745901467060321010649204254150391
-0.44824265991493428273884092050138860940933227539062
-0.25911530421713296901131684535357635468244552612305
-0.25749680313111772411716060560138430446386337280273
-0.41533324777733166000004416673618834465742111206055
-0.45061770991562766219828972680261358618736267089844
-0.41932679886404028435364921278960537165403366088867
-0.07219874952294430547894421579258050769567489624023
-0.23021080491887802033090792974689975380897521972656
-0.26369338591188440368284773285267874598503112792969
-0.07554199672058560521836767520653665997087955474854
-0.23801314325858943798941425029624952003359794616699
-0.26815247705395450772414278617361560463905334472656
1.30221835124009976958348033804213628172874450683594
1.34987011308466176018328042118810117244720458984375
1.29494257023059478051152382249711081385612487792969
1.30027429914402614663515578286023810505867004394531
1.40955777750293687056171165750129148364067077636719
1.45187781043406727299327485525282099843025207519531
1.34194467544725237750924407009733840823173522949219
1.42070599119780216490482871449785307049751281738281
1.52475733307215199907602709572529420256614685058594
1.58841646762808608173145330511033535003662109375000
1.61223637462307856083043589023873209953308105468750
1.59713419342846241200106760516064241528511047363281
1.61675988566873729546102822496322914958000183105469
1.68192904203486914838094890001229941844940185546875
1.52789980430446026282709226506995037198066711425781
1.57366562305040247338183689862489700317382812500000
1.55144100907783877296708396897884085774421691894531
0.71489041108158613013756621512584388256072998046875
0.74812261534087298731066084656049497425556182861328
0.74551069030970629203380894978181459009647369384766
0.70524476264397195635069692798424512147903442382812
0.71306372576806331675669525793637149035930633544922
0.94960207924851924854436902023735456168651580810547
0.96064725434174513818419427479966543614864349365234
0.92832986609708212366598445441923104226589202880859
0.91226872682659154722983885221765376627445220947266
0.75354237816503266689238671460771001875400543212891
0.74852641398776820214067129199975170195102691650391
0.93679852820728282125628538778983056545257568359375
0.90761838526093852053122645884286612272262573242188
1.37437408137247696338079094857675954699516296386719
1.44307415475925804315693312673829495906829833984375
1.13920628302446003132786245259921997785568237304688
1.38299890601721986449490486847935244441032409667969
1.41855086139771846553969680826412513852119445800781
1.34723652317192921223920620832359418272972106933594
1.13264936884269062922214743593940511345863342285156
-1.17567280949743402373997014365158975124359130859375
-1.33872790077035208611277994350530207157135009765625
-1.07491208692750683795225086214486509561538696289062
-1.07327524195599943723777869308833032846450805664062
-0.86353308472428302877688111038878560066223144531250
-0.85304649032675106123946306979632936418056488037109
-0.82324260503911295128176561775035224854946136474609
-0.82715079417532633154763743732473812997341156005859
-1.41654652310025785943992104876087978482246398925781
-1.22094780429300509005940966744674369692802429199219
-1.27884031408020937270464401080971583724021911621094
-1.57478887213633744757146359916077926754951477050781
-1.61538893113654080657681788579793646931648254394531
-1.45721469883065002370869933656649664044380187988281
-1.61103748147997971607026101992232725024223327636719
1.19368928615060121423141481500351801514625549316406
0.96340388701295687212677876232191920280456542968750
1.18944117688429584767106916842749342322349548339844
1.10960223233880417303964804887073114514350891113281
1.10707684613928947214844811242073774337768554687500
0.95663039154713669365293071678024716675281524658203
1.39264288099452571145775436889380216598510742187500
1.49831376711609887131260165915591642260551452636719
1.44314916312869567782684043777408078312873840332031
1.40331245702034768108035223121987655758857727050781
1.31074337408492880285848514176905155181884765625000
0.35426206053970205056558029355073813349008560180664
0.51495979077841758098088575934525579214096069335938
0.53551915486673051791655097986222244799137115478516
0.53174525780817072373451992461923509836196899414062
0.49968160685502871487528864236082881689071655273438
0.83499243303918324610179979572421871125698089599609
0.97577167434651845834281402858323417603969573974609
0.90910384986722458933172674733214080333709716796875
0.86554391649928319463214165807585231959819793701172
0.89624141145122682150514492604997940361499786376953
0.86190443650401393771431912682601250708103179931641
0.89587969499950192986403862960287369787693023681641
1.04847282835607580331327426392817869782447814941406
1.04519506481253166008116295415675267577171325683594
-0.25100955917978545750557373139599803835153579711914
-0.25259316487475608203894239522924181073904037475586
-0.43816851327965133933162178436759859323501586914062
-0.40780267191578417618202934136206749826669692993164
-0.43848470131256678250508684868691489100456237792969
-0.40970246564367035491116553203028161078691482543945
-0.21987922966267015034702581033343449234962463378906
-0.22076580308657156592744286172091960906982421875000
-0.06371151948214702487316429824204533360898494720459
-0.03165744599053073315975126433841069228947162628174
-1.34476954562861883424318421020871028304100036621094
-1.29919087123117371618263860000297427177429199218750
-1.58196676912858702479525163653306663036346435546875
-1.33719180419057370734492451447295024991035461425781
-1.22699318252704747678194507898297160863876342773438
-1.20678356667930297696500474557979032397270202636719
-1.94456880081468419518841983517631888389587402343750
-2.07948578966856123528827993141021579504013061523438
-1.77912907531646591330343198933405801653861999511719
-1.55057628258386714925620708527276292443275451660156
-0.50911197619773174150026306961080990731716156005859
-0.56438022476329019472274239888065494596958160400391
-0.31103464070406805497270852356450632214546203613281
-0.08222574293900179742689005024658399634063243865967
-0.07885186993830310686615092663487303070724010467529
0.07596595694977704982253641219358542002737522125244
0.45731358684475603704200352694897446781396865844727
0.68097173396209031981385351173230446875095367431641
0.51738689112091307276131146863917820155620574951172
0.15001368441511164775192810338921844959259033203125
0.10828013324607077549899258883669972419738769531250
0.33113605744737745206762724592408630996942520141602
0.52562183329054668057267463154857978224754333496094
0.28605637652532089898471667765988968312740325927734
0.28271603345409601626414541897247545421123504638672
0.48340239208742996623868748429231345653533935546875
0.29225695931548562045421135735523421317338943481445
0.16220712303984965996228595486172707751393318176270
0.15906879575024265860427874486049404367804527282715
0.12886465218237388996591619161335984244942665100098
0.12561481192177961774270045225421199575066566467285
-0.49420011103349104075732611818239092826843261718750
-0.50012094166398946004647996232961304485797882080078
-0.45713390482068366749146548499993514269590377807617
0.51362900917258980104662668964010663330554962158203
0.53772147175970752552842668592347763478755950927734
0.54475519516615500403844407628639601171016693115234
0.35043268579443170862575129831384401768445968627930
0.95454185198707275361584834172390401363372802734375
0.83876861524983381546149985297233797609806060791016
1.06688294281178697175960223830770701169967651367188
1.15606171270761381997260741627542302012443542480469
1.16962917872486182879754323948873206973075866699219
0.96124555717953386047014419091283343732357025146484
0.91761467296683951744284968299325555562973022460938
1.12256667959990519278790088719688355922698974609375
1.20295544813481303236812891555018723011016845703125
1.20638706304707521432817429740680381655693054199219
-0.98979288718532354440782228266471065580844879150391
-1.02241277542080011286884655419271439313888549804688
-1.05767353196850266705553167412290349602699279785156
-1.14449498888061307333430249855155125260353088378906
-1.12032469400800072101276327884988859295845031738281
-1.21547609041907755944578184426063671708106994628906
-1.23037787708723933555177154630655422806739807128906
-1.23870781658620532361680943722603842616081237792969
-0.84379405657982875510469966684468090534210205078125
-1.18928304501518966596051996020833030343055725097656
-0.99953736727372743953168310326873324811458587646484
-1.02867810899089096032810175529448315501213073730469
-0.99494689689283211109227522683795541524887084960938
0.71142389923877191737489056322374381124973297119141
0.54547926697143445107229808854754082858562469482422
0.74094107415326249110876233316957950592041015625000
0.74223624589282388708255666642799042165279388427734
0.70833079940158805154482024590834043920040130615234
0.54368133887381187019371964197489432990550994873047
0.93616080674289514629293762482120655477046966552734
0.90660436757505491467412639394751749932765960693359
0.90882504128155405798139554462977685034275054931641
1.11228159159314476944757643650518730282783508300781
1.11320046711121012350531600532121956348419189453125
0.93930035596745975468024880683515220880508422851562
-1.41610074333790936229604540130821987986564636230469
-1.52932346698703547360764787299558520317077636718750
-1.55845989781480587232920242968248203396797180175781
-1.47998440914641626875436486443504691123962402343750
-1.10632891540711963962451136467279866337776184082031
-1.27102085165154510271179333358304575085639953613281
-1.31962611441156596470136719290167093276977539062500
-1.35437334939230247243813209934160113334655761718750
-1.18463323454323021799439175083534792065620422363281
-0.99838511817650987811845197938964702188968658447266
-1.03650816784395427561094038537703454494476318359375
-1.00042324330526999354162853705929592251777648925781
-1.25633471081838909988448449439601972699165344238281
-1.06899068885916226356869174196617677807807922363281
-1.26842986008432379030352876725373789668083190917969
-1.03006304880146548619279656122671440243721008300781
-1.02348464354014700994355280272429808974266052246094
-1.05031713433190909690040371060604229569435119628906
0.15785092998351288318126250942441402003169059753418
0.32115143098710441371679280564421787858009338378906
0.50609068505677068383619143787655048072338104248047
0.31659595441506382940133335068821907043457031250000
0.50747562688617087189868470886722207069396972656250
0.34852888471282500448822361249767709523439407348633
0.15799239573756054810793614251451799646019935607910
0.34459621076301782949258267763070762157440185546875
0.31668340343783912826935988960030954331159591674805
0.34723139190620005978260564916126895695924758911133
0.51420848455189949177679409331176429986953735351562
0.50140926036210453631269956531468778848648071289062
0.12505563569693722847375738638220354914665222167969
-0.03167081262596615348625661567893985193222761154175
0.22132269083395697539806690201658057048916816711426
0.16064117912654296560504008084535598754882812500000
0.03300914558544845028853487178821524139493703842163
-0.06303579103004094963402792473061708733439445495605
-1.46050746076243687099349699565209448337554931640625
-1.40364232639313324391139303770614787936210632324219
-1.55158288434289315382841323298634961247444152832031
-1.78951565839568638160983482521260157227516174316406
-1.51301694094846794769182452000677585601806640625000
-1.69408458063195710430193230422446504235267639160156
-1.32775090225948000366429369023535400629043579101562
-1.38200567434453236437263967673061415553092956542969
-1.27004646331468618036808493343414738774299621582031
-1.29024728542063527036987125029554590582847595214844
-1.71152009081323797090590232983231544494628906250000
-1.75182935242525417152137379162013530731201171875000
-1.73264914273753345419493143708677962422370910644531
-1.52909676207202305242560669285012409090995788574219
-1.61788428693451624695853752200491726398468017578125
-1.45464116788102182376007931452477350831031799316406
-0.23544080148113114003827206488494994118809700012207
-0.34830982213144889847455942799570038914680480957031
-0.47299806897563456686839344911277294158935546875000
-0.47975762860504600482158821250777691602706909179688
-0.32808084815922639032592655894404742866754531860352
-0.39131875877193816881671750707027968019247055053711
-0.26221863677690376848161690759297925978899002075195
-0.03848562239589367606207304106646915897727012634277
0.03802849830344742776411237628053640946745872497559
-0.15442549951064213353824072783027077093720436096191
-0.12298527305156681244113769935211166739463806152344
0.15691383257080146473860793321364326402544975280762
0.11183993833053569588731335215925355441868305206299
0.19240903111967047611763348413660423830151557922363
0.26399683417301739174476438165584113448858261108398
0.06732311406215173155143105532260960899293422698975
0.06112716959521766885155003024010511580854654312134
0.23143334647537305848175037681357935070991516113281
0.32411729198250399663905341185454744845628738403320
0.51661799029374533276381953328382223844528198242188
0.36034387735104744798775300296256318688392639160156
0.32422880495349132301541317247028928250074386596680
0.50829217368258106102274496151949279010295867919922
0.35212957371087044711188696055614855140447616577148
-1.20427752338041993418471520271850749850273132324219
-0.98648442855045370691868811263702809810638427734375
-0.96591440364554159714316483587026596069335937500000
-1.07650623873386663831297482829540967941284179687500
-1.27316049095749650454933998844353482127189636230469
-1.38036175069913791269016201113117858767509460449219
-0.64880326746090233314134820830076932907104492187500
-0.80813950036762438600135283195413649082183837890625
-0.61186582624666241425614998661330901086330413818359
-0.61424813593933536015612162373145110905170440673828
-0.83782103064224278110572186051285825669765472412109
-0.83912883855820796785707216258742846548557281494141
-0.80551240747476349213229696033522486686706542968750
-0.64379386487536827132771577453240752220153808593750
-0.64109210364185986730234390051919035613536834716797
-0.80150283832528990135557478424743749201297760009766
-1.23333759131057263402908574789762496948242187500000
-1.18641178096581922929431129887234419584274291992188
-1.23918886512594039750467800331534817814826965332031
-1.19472311179436929684527513018110767006874084472656
-1.03870864615096603067456726421369239687919616699219
-1.03624858913778350455459076329134404659271240234375
0.32081698782498330180246171039470937103033065795898
0.34591402632028772634598112745152320712804794311523
0.35317631115106290495830876352556515485048294067383
0.70473340009760254698534254202968440949916839599609
0.53939122684165408116996331955306231975555419921875
0.71633341338682077203969811307615600526332855224609
0.73307249808928309775524212454911321401596069335938
0.68245737603612044441803163863369263708591461181641
0.53385428748263430431819642763002775609493255615234
-0.25292672512019537256477974551671650260686874389648
-0.41019127782811715121624729363247752189636230468750
-0.44630634696049725773647764981433283537626266479492
-0.46004436000988341293194139325350988656282424926758
-0.25308970757191090461546423284744378179311752319336
-0.42375715343813141755546780586882960051298141479492
-0.22243484130908949825133902322704670950770378112793
-0.22209972141800204958883568906458094716072082519531
-0.42484176161346215438996409829996991902589797973633
-0.25383919585615416503188157548720482736825942993164
-0.22080899058461192496771730020554969087243080139160
-0.22065373864560436367732165763300145044922828674316
0.12602275836115753304689235392288537696003913879395
-0.03188690184832323332164705220748146530240774154663
-0.06291676036131055305133941146777942776679992675781
-0.06238324832487174287365405689342878758907318115234
-0.44873287165264702514022587820363696664571762084961
-0.68854689317056028130537015385925769805908203125000
-0.58568043042190198743668361203162930905818939208984
-0.49836398169025303284129790881706867367029190063477
-0.53661044371510369099809167892090044915676116943359
-0.48337509100405151585277963022235780954360961914062
-0.25856745243768636255410342528193723410367965698242
-0.30510077187904494078196648843004368245601654052734
-0.28839787872518102274099760506942402571439743041992
-0.25246672158821353848523472152010072022676467895508
-0.08305378170679893201633348098766873590648174285889
-0.07245161940240783804423330138888559304177761077881
0.31350195322271257047930248518241569399833679199219
0.31309211527290653487298754953371826559305191040039
0.15744612666561622060790170962718548253178596496582
0.15764046600760175942390617365163052454590797424316
0.12614673754736752120386711339961038902401924133301
-0.03122941062567442457864608229556324658915400505066
0.15717787828630017110675964886468136683106422424316
0.12585013592560256867614043585490435361862182617188
-0.06302635893737157379845825744268950074911117553711
-0.06237251416434267531352375613096228335052728652954
-0.03106342452613781654480185068223363487049937248230
-0.03185885886965666990988665929762646555900573730469
0.12570854635511261032654317659762455150485038757324
