1.47319689908811324308146595285506919026374816894531
0.05366056031517645041883923795467126183211803436279
0.04112056729786282838201572076286538504064083099365
0.06812158841600293723850256810692371800541877746582
0.92964140057414290652104682521894574165344238281250
0.13532558998451191256684467134618898853659629821777
0.25135974305765018677050193218747153878211975097656
0.15483554283408759721929470742907142266631126403809
0.21352513487955102067239465668535558506846427917480
1.26197779274472043908872365136630833148956298828125
1.60274242023387425426506069925380870699882507324219
1.30902999205928693982059485279023647308349609375000
0.44968613430633241900835628257482312619686126708984
1.16789909206915809569693465164164081215858459472656
0.50987131119543871449195648892782628536224365234375
0.36796302922653301159527927666204050183296203613281
0.13557194023212748579254594005760736763477325439453
0.05399020044271592849716157047623710241168737411499
0.08124321295916481222576521759037859737873077392578
1.07229158705381188987360019382322207093238830566406
0.05400184481023445615122113849793095141649246215820
0.06007036683302893059765992234133591409772634506226
0.28418053530057924005447489435027819126844406127930
0.19332485490651130088934905870701186358928680419922
1.18203650141634075687591121095465496182441711425781
0.02108262347334221437078483063487510662525892257690
0.04064126612379316549894525678610079921782016754150
0.03207424454093391053000061674538301303982734680176
0.03039806638611580041908766247615858446806669235229
0.09706962781810767049162080866153701208531856536865
0.94688164529061646934593454716377891600131988525391
0.75851425180114395718788955491618253290653228759766
2.20352627134735890024330728920176625251770019531250
1.12590479589769465462723019300028681755065917968750
0.24774311142134189389629739252995932474732398986816
0.03628121848589174053278938458788616117089986801147
0.01040774329531160384554322462236086721532046794891
0.85459676558013797365020991492201574146747589111328
0.87499332334351009876627358607947826385498046875000
0.39329151377783694298884142881433945149183273315430
0.78187622314482296825843832266400568187236785888672
5.22106623408521119955594258499331772327423095703125
0.66117215544903462642878366750665009021759033203125
0.69644927797582611983528977361856959760189056396484
0.04030422735258680499992323120750370435416698455811
0.07923714150888375162828936026926385238766670227051
0.08037109264502786953876523057260783389210700988770
0.03291537835795420308127035013967542909085750579834
0.03383013069687362817106190959748346358537673950195
0.02997211795016754137810366387384419795125722885132
0.04021022584212779332757392580788291525095701217651
0.12137060974628571807798493864538613706827163696289
0.07291967134608440259668782346125226467847824096680
0.03843651222783155824158640712084888946264982223511
0.01613917549820342856037314049899578094482421875000
0.02434205309993989554961935084520519012585282325745
0.01745565776100680213667182272274658316746354103088
0.06009870470754655885636807965965999756008386611938
0.00640801774927917799223875405800754379015415906906
0.05288036546861586001400112877490755636245012283325
0.01409208657597216945989160308272403199225664138794
0.01406818221866041121459467433396639535203576087952
0.37046871484982918376616112254851032048463821411133
1.65705030493900640209403718472458422183990478515625
0.08460372700369273024634253488329704850912094116211
0.44481857329055279892671137531579006463289260864258
0.57601186018899519503122519381577149033546447753906
1.19296271960033894998787218355573713779449462890625
1.50357289608836919292400580161483958363533020019531
1.07662914845039958677830327360425144433975219726562
0.14149723163413024940027185039070900529623031616211
0.41240427212863345340920773196558002382516860961914
0.57798469435445321007449592798366211354732513427734
0.91811737632468337633184773949324153363704681396484
1.29125223051413851038660141057334840297698974609375
0.54232776049829856113149162410991266369819641113281
0.53625705061935180495424901891965419054031372070312
1.14416277581394409956772051373263821005821228027344
1.00295118521332193850525982270482927560806274414062
0.58464176894698038911002413442474789917469024658203
0.09330106332170023941685599311313126236200332641602
0.21773940439530148349689397946349345147609710693359
0.08441522762460966500253078947935136966407299041748
2.70325518224221594820733116648625582456588745117188
1.33614120295678007188655556092271581292152404785156
1.03337166996470641855410121934255585074424743652344
1.37112071056984285988278315926436334848403930664062
1.27108088505819427638243723777122795581817626953125
0.80577116274421589636745011375751346349716186523438
0.30167278796581292743539393086393829435110092163086
0.08287749518765795408992147486060275696218013763428
0.07076388428944020703159623053579707629978656768799
0.01653972136537926879151783055021951440721750259399
0.00732359949756833036871306319426366826519370079041
0.04673376092525719643910875333858712110668420791626
0.18071637573631788020733779376314487308263778686523
0.17972681286802080768971734414662932977080345153809
0.01653140711060748294092270782584819244220852851868
0.02930811953170636696697215484164189547300338745117
0.01604972524207917694560876498144352808594703674316
0.01695462524821722202772456000730016967281699180603
0.02959764618661124557785768729445408098399639129639
0.06734044430227884014961148295697057619690895080566
0.03395731274978672220576925155910430476069450378418
0.05638653358024245387802864115656120702624320983887
0.01291294385519755651137163710018285200931131839752
0.01784084083520821525925548201030323980376124382019
0.03847367246835272508453940076833532657474279403687
0.01328764998227035913636040476148991729132831096649
0.01614017627045212163738874266982747940346598625183
0.01589917857965691613819636529569834237918257713318
0.01503793360379518731506642836848186561837792396545
0.33983461953051685711102436471264809370040893554688
6.31219538422090575835454728803597390651702880859375
7.60196174204508423599691013805568218231201171875000
1.54620382597644479005793982651084661483764648437500
0.51384153055711878632649813880561850965023040771484
0.07298921383333854817632158074047765694558620452881
0.10149997562985603460905537076541804708540439605713
0.03996846216546250801782136363726749550551176071167
0.01697181604803248144985872158940765075385570526123
0.00809648316713586571613525677548750536516308784485
0.84620922678027432617398062575375661253929138183594
0.54258366317017758806429128526360727846622467041016
1.22563519665010178805175655725179240107536315917969
1.41639620062634907782239679363556206226348876953125
0.82401504762878474696918829067726619541645050048828
0.01644338985381642997962714503046299796551465988159
0.01633595172703727893548375504906289279460906982422
0.01573495871746951463299168949561135377734899520874
0.01537042387792740896768073355360684217885136604309
0.01583296068528429467736629021601402200758457183838
0.01600763235647698068397914994420716539025306701660
0.05313721434509736246676325777116289827972650527954
0.02412131550023953463490755666498444043099880218506
0.01693918280233944195778406083263689652085304260254
0.01180511282240246165309294212875101948156952857971
0.01890936811971851219671414412459853338077664375305
0.07077552751886030668604377069641486741602420806885
0.00852331676668543862518401255101707647554576396942
0.05161797119179590415116720691912632901221513748169
0.06144511585194297603740309909881034400314092636108
0.18301812769360786825600939664582256227731704711914
0.38410589780563048067918430206191260367631912231445
0.17877928224748354524287208278110483661293983459473
0.19539816103136753433489047893090173602104187011719
0.04270612921394383032502872765689971856772899627686
0.01523775281673839417095894788189980317838490009308
0.01638302820005690246807361631908861454576253890991
0.00092058452508339051224839355569429244496859610081
0.03973964848755539430724681437823164742439985275269
0.04494542356318394910053015678386145737022161483765
0.00792190971926320409990385229548337520100176334381
0.07444792492848616161094099652473232708871364593506
0.13550206639784928563940979984181467443704605102539
0.42236478826157203281255192450771573930978775024414
0.77953635846705815470869538330589421093463897705078
0.04932097612327318580938140257785562425851821899414
0.12976528546071958158947268202609848231077194213867
0.68730144199917431180324456363450735807418823242188
0.23018644883356961794440564972319407388567924499512
0.03467828104877794526128553798116627149283885955811
0.22370567976703722989917366703593870624899864196777
0.58035317424201160463326232274994254112243652343750
0.12208120481940518131658279799012234434485435485840
0.00931953340703232588349003151506622089073061943054
0.03223774957653091632892028428614139556884765625000
0.08089906719766613851785308497710502706468105316162
0.03980480745589901059311443987098755314946174621582
0.02072339479873141696031346725703770061954855918884
0.04865286778739544293337360159057425335049629211426
0.06191010394575843095443801189503574278205633163452
0.07510854458522124577068979078831034712493419647217
0.01661275280252324376695227670097665395587682723999
0.11004450999081058504280861143342917785048484802246
0.20262833179175879227962298045895295217633247375488
0.01696834459444479178968911980973643949255347251892
0.00213015389315677344805877169164887163788080215454
0.00584702767481478768302194382044945086818188428879
0.02753204352967941401231222187107050558552145957947
0.01559883587588566447590388008848094614222645759583
0.01558047865241519482071286262225839891470968723297
0.02951605667421323964116908200594480149447917938232
0.06592323488433053657598037489151465706527233123779
0.03710084864622904821107596262663719244301319122314
0.00611428564956261171720042213451051793526858091354
0.03329787510128688621247050605234107933938503265381
0.01094326187227230400000888010936250793747603893280
0.07824466395906830296080869402430835179984569549561
0.02906641112393042528094788679027260513976216316223
0.02980301788531402110149493012158927740529179573059
0.07209042999934082984747618638721178285777568817139
0.02051883737314232417081605319708614842966198921204
0.01983947316896040105604903658331750193610787391663
0.00154273373856667864352509855763173618470318615437
0.01430603151712353526825438621017383411526679992676
0.01618216912050020328539545744206407107412815093994
0.03118676843264076015138641650992212817072868347168
0.03429585778972046861134970185958081856369972229004
0.02626504827920829801546354076435818569734692573547
0.01642927174347744156968076367775211110711097717285
0.01616446839018180134384117252466239733621478080750
0.01621363235127561835957621383386140223592519760132
0.01618447609115961430270580478918418521061539649963
0.01609026524177716022112605287475162185728549957275
0.01605209556766562170593282132813328644260764122009
0.01624808858822149662537448477905854815617203712463
0.01601822572745706385610731103952275589108467102051
0.01635546651150304731103801714198198169469833374023
0.04098940009947767831866016763342486228793859481812
0.03341842510167832014378319627212476916611194610596
0.01919118108247883092154495443537598475813865661621
0.01479700231884756647660061901206063339486718177795
0.05059196751412687459437123038696881849318742752075
0.03376649396195601643411166037367365788668394088745
0.01937441440833308908819887506069790106266736984253
0.01733965505335186702007277403936313930898904800415
0.02885858372549865435985338990576565265655517578125
0.02160721736961591227244028345921833533793687820435
0.01636378238629207157450728971070930128917098045349
0.01742959005650293255462734975935745751485228538513
0.01619878300832413436927126326736470218747854232788
0.01606059249865864069217735732308938167989253997803
0.03176523801527354057272489740171295125037431716919
0.05271335847895151915931677422122447751462459564209
0.01133125745174783961799480636045700521208345890045
0.03613552363909217080006897049315739423036575317383
0.01385384757269112268596167325540591264143586158752
0.01482645648903004390040116788895829813554883003235
0.01757591835320938128406353939681139308959245681763
0.01603397533073123992775066426474950276315212249756
0.01470633024459300566832986589815845945850014686584
0.01486522440601831945850008764864469412714242935181
0.01745562182655547786569449897342565236613154411316
0.01516351837300393239071905071568835410289466381073
0.01488657476279548787234663365097731002606451511383
0.15270582314754657660138548180839279666543006896973
0.10062153247630767349818370348657481372356414794922
0.23493828380406325817553181423136265948414802551270
2.34174223578342211027347730123437941074371337890625
0.02846339889956494423328692278118978720158338546753
0.02191558605348027308212799368902778951451182365417
0.04367367168528958620843383187093422748148441314697
0.07524030113847590683917587739415466785430908203125
0.03812524895964647386747969903808552771806716918945
0.06401761943008191235726656032056780532002449035645
0.26733299594914855523697383432590868324041366577148
0.18473489929091577166353488337335875257849693298340
0.45045507280676455597046015100204385817050933837891
0.37204651010291744928082380283740349113941192626953
0.61546944107840306781298522764700464904308319091797
0.79507182363692674442745556007139384746551513671875
1.05558161216279988714461524068610742688179016113281
0.44851766652223723497172613861039280891418457031250
0.57600891625760741732165115536190569400787353515625
0.56716457632549333034432947897585108876228332519531
0.37036017260921233473780489475757349282503128051758
0.06094916042193684185823698840067663695663213729858
0.02371280719378046977774410208894551033154129981995
0.03735568702892151649042062899752636440098285675049
0.01712225080720975942116801604697684524580836296082
0.04301959324346849022902006254298612475395202636719
0.02116839620020516052334436096771241864189505577087
0.01634947003080744476477548232651315629482269287109
0.01599351164116019283212288826234726002439856529236
0.01652266996059315734557415566996496636420488357544
0.01583704849790152149879851606328884372487664222717
0.01669838840952655653615543940304632997140288352966
0.01618717347531571995600252478197944583371281623840
0.01641041976799587770452504287277406547218561172485
0.01627835824421866584010842871066415682435035705566
0.01590449956743516732315946171638643136247992515564
0.01638287269967197631870270413401158293709158897400
0.01616915362212367410221780517076695105060935020447
0.01624511364734794113817706318059208570048213005066
0.00229467261298666293581338671003777562873438000679
0.03457328213667441169087979346841166261583566665649
0.00532985634640541130341295783523491991218179464340
0.00854170647327048490615730713670927798375487327576
0.02877370054285218609058105698750296141952276229858
0.02259862822499165979639457191296969540417194366455
0.06662568948920050138085002799925860017538070678711
0.19442673673285515434372427989728748798370361328125
0.62719640523782260732588156315614469349384307861328
0.02785173253489087522027922716461034724488854408264
0.01823862597484265588021479231883859029039740562439
0.03012678016949057666074018868584971642121672630310
0.01539245495948398864682893361077731242403388023376
0.01637077097630937685956986626933939987793564796448
0.01590166980057060308606509124729200266301631927490
0.01690240235676672073128479212300590006634593009949
0.01598384426769247981803268032763298833742737770081
0.01617810416652884844546100850948278093710541725159
0.01626930578017669881685236532575800083577632904053
0.01742560472371214308484610455707297660410404205322
0.01579942352070265454422326456551672890782356262207
0.01677450785831579097018284585374203743413090705872
0.01737748533991389371378133432699542026966810226440
0.01726001642212986533775342934404761763289570808411
0.01616435322492544568451222630756092257797718048096
0.01417886964922593362459224408667068928480148315430
0.01500012346734736108644359120489752967841923236847
0.01614759624627734244106669336815684800967574119568
0.01449574045415953464643887826923673856072127819061
0.03100688284504892269777265312313829781487584114075
0.01554433121068055957680886791649754741229116916656
0.02804482418583454164662249752382194856181740760803
0.01867660154698865329625512288203026400879025459290
0.53209645767477231625974809503532014787197113037109
0.05837292287812877178421189228174625895917415618896
0.41075893203505114970042200184252578765153884887695
0.60995058641757593509424850708455778658390045166016
0.08840387765530129116076096806864370591938495635986
0.04673046906563990687821785741107305511832237243652
0.00511227388946321886775692178161989431828260421753
0.03252280983344912890231626079184934496879577636719
0.09875855448151886484264849741521175019443035125732
0.01423050044528397645171580165879277046769857406616
0.03026282544269893320931785751781717408448457717896
0.00290299297416985943587341978400218067690730094910
0.01461979612191021890565956198315689107403159141541
0.01616875337488211938907767262207926250994205474854
0.01617585554444018677844319142877793638035655021667
0.01586098567671858153294017768075718777254223823547
0.01612038348676782945068097774310444947332143783569
0.01553315169359105463176007333458983339369297027588
0.01224529023040372630037886381160205928608775138855
0.02780794851241983819956082868429803056642413139343
0.03130303611146197095838061841277522034943103790283
0.00807673562648035178734851058379717869684100151062
0.01581720193434001109356046299581066705286502838135
0.01622102909488057700948537842577934497967362403870
0.01639737304529942374387019299319945275783538818359
0.02787931495056346353766940637797233648598194122314
0.01541939008861756971180412278954463545233011245728
0.01550432860225036887924510153879964491352438926697
0.02647063682014244925810864117465825984254479408264
0.01644168453382667538509309679284342564642429351807
0.03250695690729105830074630034687288571149110794067
0.01471363703626697716497773171795415692031383514404
0.01526863172136863969208242508557304972782731056213
0.02004044811059533734431958862387546105310320854187
0.00315817163132302378830695843703324499074369668961
0.01992285469326705860115822588340961374342441558838
0.01783949463065162208130765009173046564683318138123
0.00708379595909146807242162680040564737282693386078
0.12103376924512733447958368060426437295973300933838
0.05284663316644915703745866153440147172659635543823
0.05463305558388237975764312182036519516259431838989
0.04097187736526387846769381440026336349546909332275
0.40136538164132917749782336613861843943595886230469
0.18000401475561592090635087970440508797764778137207
0.04551615008412884105792883815411187242716550827026
0.14294055992952500733217391370999393984675407409668
0.09977669922185128381642016393016092479228973388672
0.07234510877002499340537866601152927614748477935791
0.03132467961972221909272562356818525586277246475220
0.40458747595366878480049876998236868530511856079102
0.07819801009217530740613710804609581828117370605469
0.26068727246307898948174397446564398705959320068359
0.01555562788415939916297769940456419135443866252899
0.03865380555289661679285728723698412068188190460205
0.01717987237484141366250511850921611767262220382690
0.01594519008301501644675468583045585546642541885376
0.03335312443104478108413246673080720938742160797119
0.01330312679547933363277678608938003890216350555420
0.02117952513644729556352430677179654594510793685913
0.07327861999506314616414925922072143293917179107666
0.02973212841628057254150796495650865836068987846375
0.00287768439117917036382254813986492081312462687492
0.01423783398095694076312955900220913463272154331207
0.02272207413044906310073400845794822089374065399170
0.01370957148902969373327476176882555591873824596405
0.01215718215698173738925635944951864075846970081329
0.01657337374531284851508772248962486628443002700806
0.01428394298532002608392854625662948819808661937714
0.02313934094215993123033747735917131649330258369446
0.16609990876448377239427145468653179705142974853516
0.02248432499509094018019794702922808937728404998779
0.01471480463389368380233701572024074266664683818817
0.01544466187977187009161550435010212822817265987396
0.01566920354864504913439127165020181564614176750183
0.01578369119516873780861843101774866227060556411743
0.01669070953194849021850032499969529453665018081665
0.01535582036024824882647354939990691491402685642242
0.01643168350322756626757936260219139512628316879272
0.01580866064338320997606501805421430617570877075195
0.01632624840376406885611437758143438259139657020569
0.01734265243740032783059668020086974138393998146057
0.01411795502596886568713596687985045718960464000702
0.01787963978111763857503646590885182376950979232788
0.01600863726569972528279706125431403052061796188354
0.01568915890929041892509765432350832270458340644836
0.01607984625876741208161391227804415393620729446411
0.03112943732803848118084744100997340865433216094971
0.05577060291923185975093701927107758820056915283203
0.01829006712565212078303034104465041309595108032227
0.03108774242735995105291202378339221468195319175720
0.03035955842148186853424185471794771729037165641785
0.11314222294894422937705513731998507864773273468018
0.01554898777814793693619055403587481123395264148712
0.02719545524500799338341039401711896061897277832031
0.02190259940898293955502396102019702084362506866455
0.00906815335725426677204730196990567492321133613586
0.03591754733003506283584016500753932632505893707275
0.02039511375955580657626242668811755720525979995728
0.03258240742098097997292427407955983653664588928223
0.01681887915198513813730407662205834640190005302429
0.05944057567360266219891329342317476402968168258667
0.02454607556485525338141329143581970129162073135376
0.02036282280440024350376404527196427807211875915527
0.04411038570908873412967921012750593945384025573730
0.00939989983970294408488488357988899224437773227692
0.01339496857753790827472162305866731912828981876373
0.03045300984652444739597676459652575431391596794128
0.03248569975352202932050715844525257125496864318848
0.03464466666923216031648280477384105324745178222656
0.03548783861301091357987047558708582073450088500977
0.02853575291816657505394871918724675197154283523560
0.01617184296676438259865449253993574529886245727539
0.01612772053689747256410846887320076348260045051575
0.01590300204916745077654560702740127453580498695374
0.01622274896511493452733176923175051342695951461792
0.01602291014696845608544784056448406772688031196594
0.01609252191844784754537478477232070872560143470764
0.01624835511278842695159774223157000960782170295715
0.01608659193325569572441402499407558934763073921204
0.01611563243968389472215996249815361807122826576233
0.01519642124322187655416360740900927339680492877960
0.01627055144224337501768218317010905593633651733398
0.01593634452615196386848772647226724075153470039368
0.01585240825724499799664890531403216300532221794128
0.01464247502238848371025614625295929727144539356232
0.01552677602506384937908201493428350659087300300598
0.01675982937232571579055928623347426764667034149170
0.01396543800812336845462713341703420155681669712067
0.05804088032274063585491674643890291918069124221802
0.03315994341228853392600228744413470849394798278809
0.06920135777450600600424479580397019162774085998535
0.07287756485929569594262034115672577172517776489258
0.03509859645437941877421650360702187754213809967041
0.02938838384212970680775534049189445795491337776184
0.01746760492753944571386881534635904245078563690186
0.04519962427929808540527645277506962884217500686646
0.00920614568290926797711204443430688115768134593964
0.04321374265144734688748329176632978487759828567505
0.02254000442564712755610933925254357745870947837830
0.00867570701452537521025654143613792257383465766907
0.12184086883535955037061171424284111708402633666992
0.00211603691226048716209073852212441124720498919487
0.01810932514054729852714942239799711387604475021362
0.04179543907733401786330773575173225253820419311523
0.04705964142028926100458363634970737621188163757324
1.61544900410827052539275427989196032285690307617188
0.19111363881712872814233605822664685547351837158203
0.01592287671234098034300785684536094777286052703857
0.01528336630610659281626073635607099276967346668243
0.01523453806468547111485634104610653594136238098145
0.01760628055488333565392622404033318161964416503906
0.01492422379726681368194984855790607980452477931976
0.01525653637313868424274510005034244386479258537292
0.01768471619930302857204296174131741281598806381226
0.01580084302218684802476822426342550897970795631409
0.01612142620569104872751964308008609805256128311157
0.01572970939878891305507835340904421173036098480225
0.01611002279519655605577455048660340253263711929321
0.03782325839588532995216851873010455165058374404907
0.00049883198792727225130694268528941393014974892139
0.01569097925588828351672887606582662556320428848267
0.00782377219076215227322457224090612726286053657532
0.03021029471815680350621491356832848396152257919312
0.02092145692977335005857675298557296628132462501526
0.02224053691218572451071544548995007062330842018127
0.04803046876611011956059726912826590705662965774536
0.00536499541537162078636002959797224320936948060989
0.05810446328460076165223213706667593214660882949829
0.04074746173325888287664042763935867697000503540039
0.03654167447925160683297463037888519465923309326172
0.00420084299861562572575568452748484560288488864899
0.01634538008369246231410443215281702578067779541016
0.01654857423817783501629463671633857302367687225342
0.01562337972958077227103590445267400355078279972076
0.01573499138801255983755034151272411691024899482727
0.01570336141681213243392889467031636741012334823608
0.01623700178236823013500078616289101773872971534729
0.01655186447374451183534027620680717518553137779236
0.01646674348347167485262509956100984709337353706360
0.01576778144818366186874492029801331227645277976990
0.01554568924396772765239571612028157687745988368988
0.01642208123165642130736330273066414520144462585449
0.01618060241014449354701731920158636057749390602112
0.01607282793589473110507093167598213767632842063904
0.01588321937447490991845988617114926455542445182800
0.01614270091238270699030010746355401352047920227051
0.01604198035453990173193616897151514422148466110229
0.01629783058981212201521415749994048383086919784546
0.01594419015667037156647189988234458724036812782288
0.01618980396084475012474790389660483924672007560730
0.01619855467048767275195508830165636027231812477112
0.01605449412997118560642029194696078775450587272644
0.01627702475645021948369439712678286014124751091003
0.01598297931151002743144218243287468794733285903931
0.01608634711975167469466541092515399213880300521851
0.01617613420310273428248670768425654387101531028748
0.01341839589263644182126622439454877167008817195892
0.01899429294067140130963800004337826976552605628967
0.00520001153340712927303224333286379987839609384537
0.01659480005746461622750942410675634164363145828247
0.01383486768776359503163586595064771245233714580536
0.01453003774523130460505360161960197729058563709259
0.02282316964523370059203521975632611429318785667419
0.03490284704167325585677517096883093472570180892944
0.03063062336047739364630615455098450183868408203125
0.34259289460607722510587791475700214505195617675781
0.02972836747072271981751079295008821645751595497131
0.39001821287760524148424678969604428857564926147461
0.06612159829811647959729725698707625269889831542969
0.02383570470670510338395686744661361444741487503052
0.02611146298194673767700813016290339874103665351868
0.03043708276615452248958781922283378662541508674622
0.03037390434787125628735005022917903261259198188782
0.01645292891798230336397601547560043400153517723083
0.01505997860418685323213860982605183380655944347382
0.01457295824273654831493285399801607127301394939423
0.01607814595256091064201520168808201560750603675842
0.01571287662768005438662655137704859953373670578003
0.01671547809098639092439952946733683347702026367188
0.01578637542924186606962955181643337709829211235046
0.01647663825145182989184711175312259001657366752625
0.01549912112619981560679427445847977651283144950867
0.01586549328655495125217633756165014347061514854431
0.01648055358677090118102448457193531794473528862000
0.01619898378885928011405859194837830727919936180115
0.01596032632671231382692766942454909440129995346069
0.02707493073680825382276715629359387094154953956604
0.01329482901031711974959570454757340485230088233948
0.01562170757241207116883252581374108558520674705505
0.03138553990749131522575154917831241618841886520386
0.01932288583969304571197334041698923101648688316345
0.02163385191320571845907672070552507648244500160217
0.01633971235477807079639056553332920884713530540466
0.06897860866280565439456751164470915682613849639893
0.01309621515340965262896855136887097614817321300507
0.03197144574449895665368970298914064187556505203247
0.01002444820482977817788228236395298154093325138092
0.01542163077177824068164646575951337581500411033630
0.01592339247239479491091707075156591599807143211365
0.01618456218674668711798858566908165812492370605469
0.01632026733677275492917502219825109932571649551392
0.05935061392228733329057277501306089106947183609009
0.01588996669909995343439312875943869585171341896057
0.02697907774687982249139928114800568437203764915466
0.02055551615705097576181081819868268212303519248962
0.01154928377763491699481424035411691875196993350983
0.03050843062826878726578883060938096605241298675537
0.05585617873471794558870584523901925422251224517822
0.02403074048636144946500259322874626377597451210022
0.02626057478538515455035451395815471187233924865723
0.01417008516736837850369390423566073877736926078796
0.01411788600903346457826614823716226965188980102539
0.03166986233479207601959615203668363392353057861328
0.05182709324250594357108568033254414331167936325073
0.00111880553182755384383773034073783492203801870346
0.02862126663313292740387083767927833832800388336182
0.00700395594003094205254322801579291990492492914200
0.01530197056598513183356402578283450566232204437256
0.00122852340042060056805872658713951750542037189007
0.01262656376658705809079563664454326499253511428833
0.01175105870869331582684313985964763560332357883453
0.01674145621956365029281421641371707664802670478821
0.01625239051523993949466273534198990091681480407715
0.01601040294775251185410702703393326373770833015442
0.02025575374684615917453278655102621996775269508362
0.01861933084606180385800477949942433042451739311218
0.01389431435417477420091181272709945915266871452332
0.01803696801924244141890341097678174264729022979736
0.01185781004396438756409715153949946397915482521057
0.01566922791690714480972168587413761997595429420471
0.01568128381036371435386378436760423937812447547913
0.01536009339910281157326465972801088355481624603271
0.01635574355018546213735852745685406262055039405823
0.01678767544645134307534917184057121630758047103882
0.01620103051898049567602910769892332609742879867554
0.01581564313582674297098407123485230840742588043213
0.01627695136673809953031799580003280425444245338440
0.01583862766265557373013272979278553975746035575867
0.01640579835618922663331709088652132777497172355652
0.01571807166160175961433509428388788364827632904053
0.01618153533172434974107822824862523702904582023621
0.01627330976759191680236504851109202718362212181091
0.01606040319187152995428213841933029470965266227722
0.06441754170958952085968007850169669836759567260742
0.04163950081568937311438105552952038124203681945801
0.06266410059262031428950479039485799148678779602051
0.02000383676273552804869559906819631578400731086731
0.01686618427087426680399673273313965182751417160034
0.01687092126120731325200630124072631588205695152283
0.08374928984162877121377732692053541541099548339844
0.05963110609725542909931306212456547655165195465088
0.04428655532433926206303809181008546147495508193970
0.01992112629204558643669642492568527814000844955444
0.05376732688966847500955381633502838667482137680054
0.06324337914198160937040427143074339255690574645996
0.01586546988216808867777629643569525796920061111450
0.03253716716119471608070767842946224845945835113525
0.08054003879495734430360442956953193061053752899170
0.07279390174282950043416207108748494647443294525146
0.04085528730864260854582781234967114869505167007446
0.04708321864031834308450541470847383607178926467896
0.08459541919823990174798211683082627132534980773926
0.01453349527129242993450652932097000302746891975403
0.01634542927754157118358513400835363427177071571350
0.04121081784664877567525564927564118988811969757080
0.07208756501053389942335059004108188673853874206543
0.03033073640303112286642495121213869424536824226379
0.00001334221189447836701926029118192573719170468394
0.02721398280953402776249916428241704124957323074341
0.01600909519742174658141209420136874541640281677246
0.01328169373986843454504835904117499012500047683716
0.01730506886913235620184536855958867818117141723633
0.01728236879587788030199213551441062008962035179138
0.01461394256426060828113477896295080427080392837524
0.01316702711796436699176471307737301685847342014313
0.01485682890926637127193554732684788177721202373505
0.01816294151323317659918465949431265471503138542175
0.01811617950177834418523659110178414266556501388550
0.01420660363658757252558473282988416031002998352051
0.01290678406655252144497048050197918200865387916565
0.01655205365979679071886110364175692666321992874146
0.00116692764756892329233717298109240800840780138969
0.01398722790926847439618718738074676366522908210754
0.01434326639449151966076989594967017183080315589905
0.03447359859632487255609589738014619797468185424805
0.02372112055199888935863583583341096527874469757080
0.01982840439710854482657786945765110431239008903503
0.01520702265489510228435587890771785168908536434174
0.03871049649416966748072255199986102525144815444946
0.01563790293165888412030284371212474070489406585693
0.05728337037073778087448161500105925370007753372192
0.01744402192434428913725419363345281453803181648254
0.01717837310742402825991526071902626426890492439270
0.05823827176753003376230566345839179120957851409912
0.01868589131168010494810083343963924562558531761169
0.01470400919715632824524842447999617434106767177582
0.03593840823579253634934005390277889091521501541138
0.01126297240322626617980983354527779738418757915497
0.03029368238350905670475121667095663724467158317566
0.01632453859034361381974420623919286299496889114380
0.01449042852263416822355956981027702568098902702332
0.01568693233246598942032257184564514318481087684631
0.01555198866762193612989229052345763193443417549133
0.01606201718778566336909285894307686248794198036194
0.01612634959933623157724014163250103592872619628906
0.01598318075244093208753248802622692892327904701233
0.01599134385035208896774783227101579541340470314026
0.01603003598878855948117738705605006543919444084167
0.01630241974007330674201199371964321471750736236572
0.01600448639227611269397755222598789259791374206543
0.01520172486173712762813625687385865603573620319366
0.01685608247737496734330875369778368622064590454102
0.01659382017651898563737056235822819871827960014343
0.01671774967715679988122801091776636894792318344116
0.01749348072966050784970981624155683675780892372131
0.01576033400528821168395943175255524693056941032410
0.01091956963741579945958992681198651553131639957428
0.08147133662002671583568513824502588249742984771729
0.03017297788523433735297096802696614759042859077454
0.01009625544309333995685040719081371207721531391144
0.03624407135008438085588267085768165998160839080811
0.06550671770523629200422277563120587728917598724365
0.02064181065757606653443545496884325984865427017212
0.06435327807977384018123245823517208918929100036621
0.01477452645916776420575988737482475698925554752350
0.01514925585039407322784921205993668991141021251678
0.01640105594886481776839559643121901899576187133789
0.01535860476892515757985080426806234754621982574463
0.01706985599819493826245775380812119692564010620117
0.01616494137232860409114643118755338946357369422913
0.02876134147815109093349050795040966477245092391968
0.01556317161652195912857621351577108725905418395996
0.01591503261228062113263881371949537424370646476746
0.01609144125077744888474562401370349107310175895691
0.01607534020947174943638735555850871605798602104187
0.01857580479628412675752180405197577783837914466858
0.01578403693397969695388916022693592822179198265076
0.01628793500213332468007365605444647371768951416016
0.01645878080495010581385528780629101675003767013550
0.01609634912119228475346766060738445958122611045837
0.01643867803335567062683608696715964470058679580688
0.01605516908728682468066040200938005000352859497070
0.01629528629950834084372246479688328690826892852783
0.01603035059720021165974301879941776860505342483521
0.01672546272665642250188078321571083506569266319275
0.01654585348160250365956436269243567949160933494568
0.03292333666514061368824073383620998356491327285767
0.03155792503832800105501021903364744503051042556763
0.01613014521326858186078823109710356220602989196777
0.01609882149572118559266442616717540659010410308838
0.01605187502910960031798914826595137128606438636780
0.03329232849014113204688669611641671508550643920898
0.00537673210496406126651658397008759493473917245865
0.02811805684153737341923751102967798942700028419495
0.09830765620562365025847384458757005631923675537109
0.05524407854029558806452371300110826268792152404785
0.04645211397887421406194263795441656839102506637573
0.08608769036886082526294217132090125232934951782227
0.02244190651922713108934459569354658015072345733643
0.01548003350658221262403646534266954404301941394806
0.01837030843480875683115804974931961623951792716980
0.00134108598399467924752737069127306313021108508110
0.00827058619826383581430384595023497240617871284485
0.02098122756347545539434840122794412309303879737854
0.02139002855575278250199744434212334454059600830078
0.02375667494967664827854036957432981580495834350586
0.03836468453843500797662002810284320730715990066528
0.01501185537886392390438672350683191325515508651733
0.03598291041205558399296293714542116504162549972534
0.01858878934010161840251207365781738189980387687683
0.00215812420567187230810435316641360259382054209709
0.01664242584766065236046017616899916902184486389160
0.06394134081230708199772294619833701290190219879150
0.02779349070622485692871883600219007348641753196716
0.02499015899617195585191709028549666982144117355347
0.03529746603284133338318540040745574515312910079956
0.02085825081979122280761984598029812332242727279663
0.01817758725695080637696499081812362419441342353821
0.01725424931133119274551113164761773077771067619324
0.03174381962011061514283838391747849527746438980103
0.03446231626988535690081505435955477878451347351074
0.01682767539474806783861282610814669169485569000244
0.03298003886149235286406877776244073174893856048584
0.01567896598623364293190185492221644381061196327209
0.04117773777215726765943415443871344905346632003784
0.05658503513380338384441969878935196902602910995483
0.01183127946195201840584587671401095576584339141846
0.01509466156597338848399658672860823571681976318359
0.02199612313974894789447844800633902195841073989868
0.01597114291318535786445842461489519337192177772522
0.01734817971335819372646902536416746443137526512146
0.01606701416151609662641419618012150749564170837402
0.05346549782203451756101841851887002121657133102417
0.79054924089898526151642954573617316782474517822266
0.07970402213436622584907809141441248357295989990234
0.04269133756393119621952436659739760216325521469116
0.83676339356305429184601507586194202303886413574219
0.05594501513129319231198977036001451779156923294067
0.01595966196674559675616755782812106190249323844910
0.01572780082820758595918420041925855912268161773682
0.01621555356777776291110626516456250101327896118164
0.01609634292559320931093047590820788173004984855652
0.01580382054623843610108302470962371444329619407654
0.01590105072389047177749965555904054781422019004822
0.01598025034276992495385627535142702981829643249512
0.01578090803181106741015504724146012449637055397034
0.01582241913552675377507839016288926359266042709351
0.01607896165602594809596048719413374783471226692200
0.01760366115615056084586775853040307993069291114807
0.01343178588075307454408058305261874920688569545746
0.01756494217876292812663407971740525681525468826294
0.01392024136149897124703489481589713250286877155304
0.01593919313100355950041375763248652219772338867188
0.01648305375738027059306922694759123260155320167542
0.01638046395597592824744381800883274991065263748169
0.01755592701150037251989211029012949438765645027161
0.01642828947899502983753805551714322064071893692017
0.01646682698145767245745396678557881386950612068176
0.01548932649662221848474441543430657475255429744720
0.01914086814489365795388664537313161417841911315918
0.01610891744265826458493151562834100332111120223999
0.01361450655553785374363151561283302726224064826965
0.01533489571934557732513226824266894254833459854126
0.01486445044427932987707308143399131949990987777710
0.01420007847018866890820287807173372129909694194794
0.01920086874180635880260403780539490981027483940125
0.01717039102862650060132843066185159841552376747131
0.03187206895166150300013896412565372884273529052734
0.04089898781643269698449216775770764797925949096680
0.03329717958919465453648811603670765180140733718872
0.01726006622987014127446059319481719285249710083008
0.01538992917474286611922984491229726700112223625183
0.01510157279608035155171741337198909604921936988831
0.01636151347372915079714239539043774129822850227356
0.01712033287799295463993409782688104314729571342468
0.01650110314111199669162566294744465267285704612732
0.01745668603751106273680449021412641741335391998291
0.01542178166158202946844912872847999096848070621490
0.01636645773240183454610985336330486461520195007324
0.05138759419094240249448191093506466131657361984253
0.02832445732739932026111873142326658125966787338257
0.02012741416836818370006412237671611364930868148804
0.01488851511920693398982606936442607548087835311890
0.04722052593377197571289372035607811994850635528564
0.03417484466339917870136844157968880608677864074707
0.01757878608391688288192789002550853183493018150330
0.01439987311634098599011366559352609328925609588623
0.02155466354338202161766702147360774688422679901123
0.01204419795023917681697778192528858198784291744232
0.01285230163857049509590346758614032296463847160339
0.01542559943513710507545511063653975725173950195312
0.01625399775085987000289300397071201587095856666565
0.01525714051198499496275751141638465924188494682312
0.01625545050665773774700717524410720216110348701477
0.01555686485649522207697081910282577155157923698425
0.01701073997094376330507792260959831764921545982361
0.01607050798076171266304257301271718461066484451294
0.01575045814266591917562898572668927954509854316711
0.01643156614155632383456051570647105108946561813354
0.01601767398764596811444604895768861752003431320190
0.01597064755475132574735752655215037520974874496460
0.01639437863795082869766694955160346580669283866882
0.01623420135575343037359630216087680310010910034180
0.01614461731805762884084387565053475555032491683960
