0.25363938380211276113485041605599690228700637817383
1.42058654756898494753158956882543861865997314453125
1.36412523310018407585175737040117383003234863281250
1.60061880342552953493395762052386999130249023437500
1.16565230078629222809638577018631622195243835449219
-1.07468721494037500185925182449864223599433898925781
1.76228887150261481764346171985380351543426513671875
0.52695320880458140777591324876993894577026367187500
2.48949131759104558270223606086801737546920776367188
0.88597469091007885477750960490084253251552581787109
-0.72660594583287807513016787197557277977466583251953
0.25554572427380445320821422683366108685731887817383
-1.25190406900266615330963304586475715041160583496094
-0.35339098050474931911324460998002905398607254028320
0.57303994891738629924304859741823747754096984863281
0.09406315443425310174330178369928034953773021697998
0.95759359281920719553227172582410275936126708984375
1.20158366428707275019860389875248074531555175781250
1.34648280213796955884220096777426078915596008300781
1.20321664782122739190128868358442559838294982910156
1.16040596390538652826762699987739324569702148437500
1.44173490126455594584342634334461763501167297363281
0.81090278685095340538424579790444113314151763916016
1.44469915475303500862480632349615916609764099121094
0.87739091102972543989579889966989867389202117919922
1.05417191922207487131402103841537609696388244628906
1.23233548541812965027020254638046026229858398437500
1.14389766203603371330643767578294500708580017089844
1.46466242168100868603630715369945392012596130371094
2.22474925201766460247654322301968932151794433593750
-0.78490764424483117078779059738735668361186981201172
0.75632145524302263339677665499038994312286376953125
0.85125190107442738618459543431526981294155120849609
0.46316379031994681092498922225786373019218444824219
0.09530357101085749904623156680827378295361995697021
0.87869491908268393398628859358723275363445281982422
1.00622087020157091608041355357272550463676452636719
-0.20996516983262650257735515424428740516304969787598
-0.68177713902572689708136977060348726809024810791016
1.22322788081024969031318505585659295320510864257812
0.55060292821507583749252034976962022483348846435547
0.89846123778410824645135335231316275894641876220703
0.01194891146702570239312990452162921428680419921875
-1.32994787723083818242741926951566711068153381347656
1.72675832344244106764108437346294522285461425781250
1.61678087790006053126035112654790282249450683593750
1.52782684431664272928230730030918493866920471191406
1.59135071500693592305708534695440903306007385253906
1.58193745098590032860386145330267027020454406738281
1.63931475874365184530745409574592486023902893066406
1.62839102583798744916521172854118049144744873046875
1.74021933920714144683472568431170657277107238769531
1.84938426775260178480664308153791353106498718261719
1.66072427193142146961690741591155529022216796875000
0.06464902917507620028203518813825212419033050537109
1.26172284046882055008609313517808914184570312500000
1.44787561243789575371465616626664996147155761718750
1.25895998022916888459121764753945171833038330078125
1.41743662447853302488454119156813248991966247558594
1.26576312588513428813996597455115988850593566894531
1.29423991836980145642144179873866960406303405761719
1.25699778475447332404257849702844396233558654785156
0.51794780617605185035756676370510831475257873535156
1.48475614474598027747731521230889484286308288574219
-2.10239918989533824955628915631677955389022827148438
0.58091666293612032045956539150211028754711151123047
0.71600549284244496828222281692433170974254608154297
-0.24680752585620213679362677794415503740310668945312
0.40965943011107169846596320894605014473199844360352
-1.28012911060208356417433606111444532871246337890625
-0.11349488801548492100668141802088939584791660308838
0.00180975906715079054749850673289301994373090565205
0.77713250890561358374952760641463100910186767578125
-0.88004677991607638265492141727008856832981109619141
-0.36336597117044644456029800494434311985969543457031
-0.22745901411487898235996851781237637624144554138184
-0.09167248595517792086884156788073596544563770294189
0.63710080398952328994965910169412381947040557861328
0.73009174003397792063196902745403349399566650390625
-0.44470577983392317600319643133843783289194107055664
-1.02139639775676549504623835673555731773376464843750
-0.45260504104567766958666652499232441186904907226562
-0.64362304513112589265944052385748364031314849853516
1.21713246365068505916440244618570432066917419433594
0.63978027031931417045740317917079664766788482666016
-0.49089710894729915446887957841681782156229019165039
-0.69307653991896545075945823555230163037776947021484
-0.89295923157681045267963781952857971191406250000000
0.24675812614938727462821077551780035719275474548340
0.45085158754545157089310691844730172306299209594727
-0.35129743565443338759735070198075845837593078613281
-0.18497602200735438482404049409524304792284965515137
-0.10270404529458264375474385587949655018746852874756
-0.18043380337323189355203112427261658012866973876953
1.07721447366493006114751551649533212184906005859375
1.21077272043050299110689138615271076560020446777344
1.14427008517323369751750306022586300969123840332031
1.62212358808661427644892683019861578941345214843750
1.43311677711282903224798701558029279112815856933594
1.37445232479310064377386879641562700271606445312500
1.38343464993279741115372871718136593699455261230469
1.79300759484500993323763395892456173896789550781250
1.76226208218536206651094744302099570631980895996094
1.75951706905435911743040833243867382407188415527344
1.23180496289828789180376134027028456330299377441406
1.28744112504965069199158733681542798876762390136719
1.29446958498023145800459587917430326342582702636719
1.25357997289163947129964071791619062423706054687500
0.35189645867346069918468742798722814768552780151367
1.42337876243659411379383072926430031657218933105469
1.34403217994405710378202911670086905360221862792969
1.38633866523352011768110969569534063339233398437500
0.33818655294415261858276267048495355993509292602539
-0.44903674754075856290214119326265063136816024780273
-0.24013773138477878532626164087560027837753295898438
0.46266152211421224249576766851532738655805587768555
0.15186343614254824152531853087566560134291648864746
-1.57984334118698654947365866973996162414550781250000
-0.60111822750170607054798210810986347496509552001953
-1.87829381075163515113501944142626598477363586425781
-1.60821649453431914089662768674315884709358215332031
-1.61529064553429013706420391827123239636421203613281
-0.37952974961791036134783894340216647833585739135742
0.89057168263204788960507585215964354574680328369141
0.97625320907946822046596935251727700233459472656250
0.74879976257673741546483370257192291319370269775391
0.54202152459599928224776022034347988665103912353516
-0.49740511550568317078457880597852636128664016723633
-0.60259014436404056969109888086677528917789459228516
-0.65801623658704333497126981455949135124683380126953
-0.60687102139601867278884128609206527471542358398438
-0.16007050067528258430193943695485359057784080505371
-0.27137680203837732939575744239846244454383850097656
-1.53555992553213171980530660221120342612266540527344
-1.45412481255490355636084132129326462745666503906250
-0.83562639427558205174051408903324045240879058837891
-0.93269701076590205701677405158989131450653076171875
-1.25701057653783032641570116538787260651588439941406
-1.35952639616301973468637243058765307068824768066406
-1.00032147990621944622091632481897249817848205566406
-0.62976028568827202569480050442507490515708923339844
0.10331171697723307012495297385612502694129943847656
-0.49559366164163448642554499201651196926832199096680
-0.34847256522153657876117449632147327065467834472656
-1.37323456641619690010713839001255109906196594238281
-1.05561690826406473497911520098568871617317199707031
-0.37157766823731314120848878701508510857820510864258
-0.48955573287429948736715346058190334588289260864258
-0.92393794843209675615725018360535614192485809326172
-0.87744294817790124962897380100912414491176605224609
-0.81071409426449003721160124769085086882114410400391
-1.39546465975087485844596812967211008071899414062500
-1.31969212793305956665790290571749210357666015625000
-0.47893876726234901886058992204198148101568222045898
-0.39704623389572279990034076035954058170318603515625
-0.14046510092588174178906967881630407646298408508301
-0.10376600490264438481080588871918735094368457794189
-1.23712254249455200216800676571438089013099670410156
-1.38668498626876579571387537725968286395072937011719
-0.64153264076747029687197709790780209004878997802734
-1.97703437491941502734960067755309864878654479980469
-1.64628844198253698749567774939350783824920654296875
0.66761052359505423936525403405539691448211669921875
-0.30892323849653591238961780618410557508468627929688
-0.75652237555182522132923850222141481935977935791016
1.13494289434910089475749828125117346644401550292969
0.76853561435969142134894127593724988400936126708984
0.87806464729639455146781301664304919540882110595703
0.77466257889724821072974236813024617731571197509766
0.27145060250458741268886342368205077946186065673828
0.32884921166669650594016616196313407272100448608398
0.08935275535421083326070856855949386954307556152344
0.02727212088131919509592648864781949669122695922852
0.23824839515884543850177124113542959094047546386719
0.57457280530407484064880918595008552074432373046875
0.60309298733903415890011956435046158730983734130859
0.32322309977633295607901686707918997853994369506836
0.87936333675809308374482498038560152053833007812500
1.00960947010566415293908448802540078759193420410156
0.87335686093927622497545826263376511633396148681641
0.77635496845444773583722053444944322109222412109375
0.61526950713616213040069169437629170715808868408203
1.52943621633221504829691639315569773316383361816406
1.44679037445120850513546884030802175402641296386719
1.47502509559223882185108323028543964028358459472656
1.50428749978728837355390623997664079070091247558594
1.32680788905384927645059178757946938276290893554688
1.48127209283917871118774201022461056709289550781250
1.69058019819901250713201079634018242359161376953125
1.40165023965355950430478060297900810837745666503906
1.37909983365430766077963653515325859189033508300781
1.46407935998923721676590048446087166666984558105469
1.29477818454236959233583093009656295180320739746094
1.19065089224945741541716870415257290005683898925781
1.36150938878833360767828253301559016108512878417969
1.34765373325510373625490956328576430678367614746094
1.36396140266482390757118992041796445846557617187500
1.24771526221840756143421913293423131108283996582031
1.30915403136135011230578584218164905905723571777344
1.20676354644816363759218802442774176597595214843750
-0.10410030062692261776380320270618540234863758087158
0.00844528589182878298979861853013062500394880771637
0.00876708987200935409289659361320445896126329898834
0.06523530491111402540571617691966821439564228057861
-0.27298177848145149804182096886506769806146621704102
-0.16070569741314660872077979547611903399229049682617
-0.10462832593349986887165670168542419560253620147705
0.17803961059551279277890500907233217731118202209473
0.23451388457041308366335385926504386588931083679199
0.87508021627775234296819917290122248232364654541016
1.05541585716966790364779171795817092061042785644531
0.96935849621133096665204220698797143995761871337891
1.02045676894719727911819973087403923273086547851562
1.15456617668404137866389191913185641169548034667969
1.09696781905798323997203169710701331496238708496094
1.12695916200630263936943720182171091437339782714844
0.99772179385025328013369971813517622649669647216797
1.01204255079060989608308318565832450985908508300781
0.94040354026061878656150838651228696107864379882812
0.71867859127909061722760952761746011674404144287109
0.85391198218658936891500843557878397405147552490234
0.67939979925063254118100530831725336611270904541016
0.73699027467784394840322192976600490510463714599609
1.19279271048525536969009408494457602500915527343750
0.98837445728301143166305564591311849653720855712891
0.83000666893308761018488439731299877166748046875000
1.09626693624530080484191785217262804508209228515625
0.90764958441337473260546175879426300525665283203125
0.50215825454427609475516192105715163052082061767578
0.55877105883592204094156841165386140346527099609375
0.68655409099848074827576738243806175887584686279297
0.65161291298662993298762557969894260168075561523438
0.46125400239238795174756546657590661197900772094727
0.77482053353634905423774625887745060026645660400391
0.62927747668062783414910654755658470094203948974609
0.52147369801433474112428712032851763069629669189453
-0.13181362859715814450645154920493951067328453063965
-0.20105369859246838282196279124036664143204689025879
-0.42770338931831192175181399761640932410955429077148
-0.60137742846266550866829447841155342757701873779297
1.18440752934290149944729364506201818585395812988281
1.34991296619619305374726536683738231658935546875000
-1.82144247311510798503775276913074776530265808105469
-1.99914614188394179628005531412782147526741027832031
-1.85426563164427449237336986698210239410400390625000
-2.06834131681316257811431569280102849006652832031250
0.15956629631136798330715009797131642699241638183594
0.34266364688840184049567483270948287099599838256836
-0.84209680504446737803192490900983102619647979736328
-1.10877003253521277947868384217144921422004699707031
-0.80572478864441332557788655321928672492504119873047
0.61703775113920034112169332729536108672618865966797
0.44312898841828562979117123177275061607360839843750
0.76588668864956821469291980974958278238773345947266
0.54502805823396982543016520139644853770732879638672
-0.84203408280092695292751159286126494407653808593750
-0.85444843688161675743231171509250998497009277343750
-2.06380150062537337518620006449054926633834838867188
-1.94649224592926817223315083538182079792022705078125
-1.33486475602694665276715113577665761113166809082031
-1.14041644227455019056094442930771037936210632324219
-1.58136417566343667751027624035486951470375061035156
-1.49285491168623796198744457797147333621978759765625
-0.43897890717966864260191073299210984259843826293945
-0.49301872084700121279254858563945163041353225708008
-0.32647935012795725739920271735172718763351440429688
-0.27017346910801237624966120165481697767972946166992
-0.43581895741228277030288040805316995829343795776367
-0.32547326272500520794039857719326391816139221191406
-0.00043178746705418064076933970518723526765825226903
-0.11164425248429044046361013897694647312164306640625
-0.16225420668272652613417506017867708578705787658691
-0.10624769893662466824224566153134219348430633544922
0.00560444041480214621975264321918075438588857650757
0.06081039768593654581962937299977056682109832763672
-1.02392250677960294780177719076164066791534423828125
-0.96643203480899131374570742991636507213115692138672
-1.10238155589899800013142794341547414660453796386719
-1.00948893346976986684637722646584734320640563964844
-1.09713935451884436744762751914095133543014526367188
-1.06168276827811136620027809840394183993339538574219
-1.58303786211952801643576549395220354199409484863281
-0.37746584911768610304250159970251843333244323730469
-0.41601451473465694830267125325917731970548629760742
-1.40247282312819376848267438617767766118049621582031
-1.45576696348730716401576046337140724062919616699219
-1.24872329699668438429682737478287890553474426269531
-0.61158384078966765429186125402338802814483642578125
-0.50047799205918974685403100011171773076057434082031
-0.66713296638647678893363490715273655951023101806641
-0.77426724351367670617918292919057421386241912841797
-0.83367172779690179584832776527036912739276885986328
-0.77777427868720760972820471579325385391712188720703
-0.61124042270955980526991879742126911878585815429688
-0.66247725072706542537304130746633745729923248291016
-0.78165057825886752329580531295505352318286895751953
-0.82795567707114370303855821475735865533351898193359
-0.61175104774776245530887308632372878491878509521484
-0.66824933707368394664172228658571839332580566406250
-0.80945700830553768412300996715202927589416503906250
-0.66425788490426052046444738152786158025264739990234
-0.76706127304245796949544455856084823608398437500000
-0.16257224635167497051035923050221754238009452819824
-1.10139922382498678388174084830097854137420654296875
-1.15771805198933241953795914014335721731185913085938
-0.98742739098759813032302190549671649932861328125000
-0.68948192251686590825698885964811779558658599853516
-0.75169582490461206436549446152639575302600860595703
-0.25520858984301114658066467200114857405424118041992
-0.15125144704331913714234758572274586185812950134277
0.48491055198930560488079777314851526170969009399414
0.49596451161920079853118181745230685919523239135742
-0.29281374284864086776636327158485073596239089965820
-0.17892735138488302659709461295278742909431457519531
-0.14601635250411820754479208517295774072408676147461
-0.06532226289812891051322907287612906657159328460693
-0.19723612718572372526359970379417063668370246887207
-0.26770564997056928158158939368149731308221817016602
-0.26474131844322923434731364977778866887092590332031
-0.35401258346679381761035187992092687636613845825195
-0.46034510173048398540274206425237935036420822143555
-0.32955737355350483985816367749066557735204696655273
-0.43739060970214943546707786481420043855905532836914
-0.49142551742375145673591418926662299782037734985352
-0.81317186389014928238339052768424153327941894531250
-0.76302688659306305840601680756662972271442413330078
-0.72375567413020325258088405462331138551235198974609
-0.82416733560656563195578883096459321677684783935547
-0.67303921082269058118185967032331973314285278320312
-0.52590070841544467317163480402086861431598663330078
-0.59587146618810471476734846874023787677288055419922
-0.65333584325430171801940559817012399435043334960938
-0.51380435456891004886159635134390555322170257568359
-0.47838212852947376019230318888730835169553756713867
-0.45780968505656555178617850287992041558027267456055
-0.34794732252022325669216229471203405410051345825195
-0.36621133634073449458767868236463982611894607543945
-0.29177119984382859918525809916900470852851867675781
-0.14316055455575230070941472604317823424935340881348
-0.18062087135213297783842278931842884048819541931152
-0.75856549712724641310046536091249436140060424804688
-0.04130914052205956338292835994252527598291635513306
-0.11161122794946563840934317113351426087319850921631
-0.19773573049456261152556635352084413170814514160156
-0.01686392785973488475659287644248252036049962043762
-0.21459965835429764546837816396873677149415016174316
-0.34824298164309425152040944340114947408437728881836
-0.23663175369362843269982477067969739437103271484375
-1.47676411973896537510597681830404326319694519042969
-1.83884646994391132146517975343158468604087829589844
-0.50582271397196876261403986063669435679912567138672
0.06410199279717032627701200908632017672061920166016
-0.12385711477980293482303864038840401917695999145508
-0.00526548538993944909014643940281530376523733139038
0.08562270555747124312073736973616178147494792938232
-0.43904072859494730485252489415870513767004013061523
-0.66355128696511245234290754524408839643001556396484
0.08816450171032837179740937472161022014915943145752
-1.14818998440085029422164097923086956143379211425781
-0.08126130492599836774303412312292493879795074462891
1.09398613920288978462735940411221235990524291992188
0.89974290559334535455349168842076323926448822021484
0.50794480425856691763186745447455905377864837646484
0.46035245185070738926924605038948357105255126953125
0.33049065311561581781418794889759737998247146606445
0.35239677884970826982069525001861620694398880004883
0.55966663802292981877428701409371569752693176269531
0.33682540184016368511876748925715219229459762573242
0.44195935409802872273488105747674126178026199340820
0.37246087595607696441035727730195503681898117065430
0.44452581724450451750030310904548969119787216186523
0.28281322803187453063245015982829499989748001098633
0.30157535856496670012560912255139555782079696655273
0.20936124749428849933785556913790060207247734069824
0.11416639163274133750292094191536307334899902343750
0.09181670450303236474809409628505818545818328857422
-0.16543039334886691649195711306674638763070106506348
-0.09468659536470501458804704952854081057012081146240
0.12224357283475111024539927484511281363666057586670
0.37673359710884257722796064626891165971755981445312
0.48914809052959368207424972752050962299108505249023
0.15164193929450323072849471373046981170773506164551
0.05358544103913071010580893016594927757978439331055
-0.00836170179163411853018317287933314219117164611816
0.04457761182855607406949616233760025352239608764648
0.20898987923059531013336709293071180582046508789062
0.16387269459541300986593626021203817799687385559082
0.19668744452302153180589527892152545973658561706543
0.30754588179162328787086266856931615620851516723633
0.36001533488327197574108140543103218078613281250000
0.29960495919305002443522312205459456890821456909180
0.19230990706773928855533029036450898274779319763184
0.14186184548935948379622118409315589815378189086914
0.55296015193145031663135569033329375088214874267578
1.12552574868191457291288770647952333092689514160156
1.11340690052841040369457914493978023529052734375000
0.80522232548061667412042652358650229871273040771484
0.67896020364543863134798584724194370210170745849609
0.78252243604870974635900893190409988164901733398438
1.53824288628449923344021499360678717494010925292969
1.67616163309390775459917222178773954510688781738281
1.53741386096318777276792388875037431716918945312500
1.47092679064360676299827446200652047991752624511719
1.51317306536009010820009734743507578969001770019531
1.44174138887026281885539447102928534150123596191406
1.16706023610902676068690198007971048355102539062500
1.25479793852086340955054311052663251757621765136719
1.37999973811114329258487032348057255148887634277344
1.33729627976242504416859446791931986808776855468750
1.20670228648533073290138872835086658596992492675781
1.72343528422153302592789714253740385174751281738281
1.80274428649940188229550130927236750721931457519531
1.78917829750765133844936372042866423726081848144531
1.74128871183911293485380156198516488075256347656250
1.55089117889729988242208946758182719349861145019531
1.43547767093422540263247810798930004239082336425781
1.51948485201100957908693089848384261131286621093750
1.35220999088018345446471357718110084533691406250000
1.24227861249660276321549190470250323414802551269531
0.23239082891823611976001018319948343560099601745605
0.17628940644136151250087607422756263986229896545410
0.17110722526147739697144345427659573033452033996582
0.06302511344717602603804351701910491101443767547607
0.34708264941046418350367730454308912158012390136719
0.17707738889944232840711890730744926258921623229980
0.23399975528077424091755176505103008821606636047363
0.39893288669778576016611282284429762512445449829102
0.34587499065926596841791251790709793567657470703125
0.20410944633512059787072701055876677855849266052246
0.29991806092072459399844319705152884125709533691406
0.46767475838208616423230523651000112295150756835938
0.31111682010632829564755752471683081239461898803711
0.35547666500740326966933935182169079780578613281250
0.36975185135876137421107046066026668995618820190430
0.48697429691427868148068114351190160959959030151367
0.54053735903652844196898286099894903600215911865234
0.62112208534582569186000000627245754003524780273438
0.82688483782349386785881506511941552162170410156250
0.15206303360209183495044271694496273994445800781250
0.04762906445304847941057957427801738958805799484253
0.91818361373807289016468757836264558136463165283203
0.90384842857198866017398586336639709770679473876953
0.91914964528935139131959886071854270994663238525391
-0.06316176435029673130738814279538928531110286712646
-0.20960876244766227238791600484546506777405738830566
-0.16399501283948184071626030799961881712079048156738
0.16256634770225505959295730917801847681403160095215
0.13462777547456350468735308822942897677421569824219
0.04413031205815881596876693038211669772863388061523
0.12978529177672035177515397208480862900614738464355
0.33829278078138402818808572192210704088211059570312
-1.62589516200326045236579375341534614562988281250000
-1.75561877078005523777903817972401157021522521972656
-0.58165825398150861058610416876035742461681365966797
-0.62860812167619239954063914410653524100780487060547
-1.27931744093811317064535160170635208487510681152344
-1.12063579897880205571425449306843802332878112792969
-1.22673128394318253775452376430621370673179626464844
-0.81647531017101104833244562541949562728404998779297
-0.76223383311058190425768543718731962144374847412109
-0.82287861070616841185909606792847625911235809326172
-0.92579696379594011990121771304984577000141143798828
-0.59512240846415231931842981794034130871295928955078
-0.65095705651917501466385829189675860106945037841797
-0.76062462580260703504109187633730471134185791015625
-0.64740323405635558096093973290408030152320861816406
-1.39758368371899099891209061752306297421455383300781
-1.27176787387379541804932614468270912766456604003906
-1.35174789806399808789194594282889738678932189941406
-0.97068713258523509068709245184436440467834472656250
-1.12528002571529128772453987039625644683837890625000
-0.92547276172777304115157903652288950979709625244141
-0.98781836015945179152453192727989517152309417724609
-1.37885173696696416989482258941279724240303039550781
-1.22322131710836834450617516267811879515647888183594
-1.38792846337593611671934468176914379000663757324219
-1.18209244163294102669681251427391543984413146972656
-1.27433973633131869540591196710010990500450134277344
-1.37277302079126228839811574289342388510704040527344
-0.27816879116339199295993012128747068345546722412109
-0.49864222435640215280727716162800788879394531250000
-0.44438446444265250478977691273030359297990798950195
-0.44403466495184562567999364546267315745353698730469
-0.33428670257900749973600795783568173646926879882812
0.04981273751973755437028046344494214281439781188965
0.15198816067165482612821847396844532340764999389648
0.22664450500626928675096394272259203717112541198730
0.32729683097155626292362740059616044163703918457031
0.21654051405565746812875715932023013010621070861816
0.16280865562425028691961870208615437150001525878906
0.34098600470154782904330659221159294247627258300781
0.38790647223542756849568036159325856715440750122070
0.00061297667237926228758077007441329442372079938650
-0.10643282227884898194503193735727109014987945556641
0.00609092569467332024119032851672272954601794481277
0.05807161503210012121201089030364528298377990722656
-0.11025378255780522718243474855626118369400501251221
-0.16531889217160666838424276647856459021568298339844
-0.32967277692286539592103622453578282147645950317383
-0.27534061627273564987206100340699777007102966308594
-0.33205109119169501363799668069987092167139053344727
-0.44159655689538568346108604600885882973670959472656
-0.49982563476821550985107478481950238347053527832031
-0.44461232971465464158811187189712654799222946166992
-0.83054801590724336435300756420474499464035034179688
-0.79228932855324718520506621644017286598682403564453
-0.72655594002839529732540313489153049886226654052734
-0.61483966366058540042871527475654147565364837646484
-0.63553379424255340701677141623804345726966857910156
-0.70899138325636690272091300357715226709842681884766
-0.97756588467678151577189282761537469923496246337891
-0.88382453815591732748657705087680369615554809570312
-1.08226563965923494592402676062192767858505249023438
-0.07724035788772427857384883509439532645046710968018
-0.87351319070878352679443423767224885523319244384766
0.03777074454186294533153400720948411617428064346313
-0.38513763123484107131488940467534121125936508178711
-0.51503822247820807422868938374449498951435089111328
-0.31417661184886203074029253912158310413360595703125
-0.50379453585214073463305339828366413712501525878906
-0.41754479858521204027610451703367289155721664428711
-0.75624435475455287214430200037895701825618743896484
-0.80677830681376472288235390806221403181552886962891
-0.89998018277162961098269988724496215581893920898438
-0.94693181619981736663049787239287979900836944580078
-0.44339480447790241557370904956769663840532302856445
-0.50570113115760351174543529850780032575130462646484
-0.61241226397746040266412137498264200985431671142578
-0.66267894815673666908395489372196607291698455810547
-0.45047272532483351170640162308700382709503173828125
-0.60352185687718729045769805452437140047550201416016
-0.49802676686514130155458701665338594466447830200195
-0.28784499305485283793260009588266257196664810180664
-0.34247894975842507747643139737192541360855102539062
-0.03742277680423499591766400840242567937821149826050
-0.01202940883956224449313765489932848140597343444824
0.03178952351736415854466244468312652315944433212280
0.09067463645502020497257689157777349464595317840576
0.20523843465540736463736948280711658298969268798828
0.22494653861522148630136541669344296678900718688965
0.13955761222400317467240427049546269699931144714355
-0.92811680193043810671582605209550820291042327880859
-0.77991521710389211108349627465941011905670166015625
-0.97245876397449126926630924572236835956573486328125
-0.87635288193873783768594876164570450782775878906250
-0.65891376833565062920428090365021489560604095458984
-0.44723377002581843342454703815747052431106567382812
-0.50023729430549701557850994504406116902828216552734
-0.60700189137574456221813079537241719663143157958984
-0.43233494512330139514233451336622238159179687500000
-0.34680599369840509060836097887658979743719100952148
-0.50187466368525657234300751952105201780796051025391
-0.79245195564976766977594024865538813173770904541016
-0.89585500248936178468994739887421019375324249267578
-0.87270306280976417401262779094395227730274200439453
-0.99445280820833792390089911350514739751815795898438
1.01447135056800097352436296205269172787666320800781
1.00147754860475157734356344008119776844978332519531
0.93052586229049616406427958281710743904113769531250
0.92891420990033735094471012416761368513107299804688
1.08796010836131862298259420640533789992332458496094
1.07657795878822803992136414308333769440650939941406
0.55624218902701960676182579845772124826908111572266
0.61737083599715580906064360533491708338260650634766
0.72283774393477118191952968118130229413509368896484
0.66100042875813913578753044930635951459407806396484
0.71852365767315362621303620471735484898090362548828
1.07992005042044092455455484014237299561500549316406
1.01681296798269005243753326794831082224845886230469
0.39140780392314927782493327867996413260698318481445
0.50873036265751558904213425194029696285724639892578
0.56727462087420266190207485124119557440280914306641
1.02276645495958606879582930559990927577018737792969
1.04693484338091802321457635116530582308769226074219
0.92525494847578781953956195138744078576564788818359
0.65034550658077694418324199432390742003917694091797
0.70168351516881044549478474436909891664981842041016
0.52955387653020047356022814710740931332111358642578
0.46960883620109816760646026523318141698837280273438
0.51715413351187544677145524474326521158218383789062
0.62843718242901136505906833917833864688873291015625
0.57469439476276584777281186688924208283424377441406
0.69093614836650230071057876557460986077785491943359
0.57034289846603913876066371813067235052585601806641
0.51403799815342876566859331433079205453395843505859
0.68454617818489660319158929269178770482540130615234
0.74448303147602246099268086254596710205078125000000
0.51740681678988076352965208570822142064571380615234
0.40369252414202377865493076569691766053438186645508
0.34843284053004547340393060039787087589502334594727
0.40504146068483515286118290532613173127174377441406
0.66822521337724050116690932554774917662143707275391
0.76753783443005330067165914442739449441432952880859
0.45223651806531900421148861823894549161195755004883
0.29685611090584135274283994476718362420797348022461
0.19415494955748779926096858616801910102367401123047
0.30078018918754650945501794012670870870351791381836
0.15772628558611065385797189719596644863486289978027
0.06065536895654807802991115295299096032977104187012
0.08859962752122368945251196237222757190465927124023
0.30049275049781515312119495320075657218694686889648
-1.33711087803724804068394860223634168505668640136719
-1.36494149299138922692975484096677973866462707519531
-1.52370858905701767049833961209515109658241271972656
-1.44794245642370711379953718278557062149047851562500
-1.78628233165206462551566346519393846392631530761719
-1.93988439541980572933255189127521589398384094238281
-1.70891439145541412791828861372778192162513732910156
-1.96694624046997046384888108150335028767585754394531
-1.99699963745054032138170896359952166676521301269531
-1.22838684136214593145552953501464799046516418457031
-1.28148445873726757326949154958128929138183593750000
-1.33870322209547620850855764729203656315803527832031
-1.47157563402544244723912925110198557376861572265625
-1.53349799501344885577225340966833755373954772949219
-1.37230574497033086522890243941219523549079895019531
-1.55315691741105355028196299826959148049354553222656
-1.58147675552420552413934728974709287285804748535156
-1.13419507200642954991565147793153300881385803222656
-0.92945134265562734388055332601652480661869049072266
-1.08119720441717093173394914629170671105384826660156
-0.97812821868497012989251970793702639639377593994141
-1.00133178010400603064056213042931631207466125488281
-1.09758200497298274989077526697656139731407165527344
-0.95056626242596209408475260715931653976440429687500
-0.75840040866653524176399514544755220413208007812500
-0.90726273778593524710345263883937150239944458007812
-0.80977715229853541867299782097688876092433929443359
-0.81578715235776411152102127744001336395740509033203
-1.15156730792444506050742347724735736846923828125000
-1.17985408618170994898832759645301848649978637695312
-1.12140735884598208293994048290187492966651916503906
-1.13539463333586465587643488106550648808479309082031
-1.61203389826508769466784087853739038109779357910156
-1.38803105424757977637284511729376390576362609863281
-1.25028148090050117424709696933859959244728088378906
-1.23598197713311885870268724829657003283500671386719
-1.30127909217073889358573524077655747532844543457031
-1.53958143995562934946974564809352159500122070312500
-1.20885374613715157465776428580284118652343750000000
-1.26340881697422369178696044400567188858985900878906
-1.06596817954008860063197516865329816937446594238281
-0.86703332436597913002174209395889192819595336914062
-1.07597787133554789740230717143276706337928771972656
-1.07885719542172142659808287135092541575431823730469
-0.92951404303170859222404942556750029325485229492188
-1.13132822229199181407466312521137297153472900390625
-0.33805705471400376849189228778413962572813034057617
0.14004584373549947007298044354683952406048774719238
0.03633371718673659989118363000670797191560268402100
0.19469268561282207508078556656982982531189918518066
0.14324391592829310848600243843975476920604705810547
-0.33632246134164645035014018503716215491294860839844
-0.27651993813885084039227990615472663193941116333008
-0.17389280277320987022626752604992361739277839660645
-0.28296064816247690210104792640777304768562316894531
-0.11846409023881580846460082057092222385108470916748
-0.16772941242528724425930874986079288646578788757324
0.03729184519162900141031613543418643530458211898804
-0.01494688324065610550428484515350646688602864742279
-0.12331490939524038241703607354793348349630832672119
-0.02002818193663019608052877629233989864587783813477
-0.12670079905461001379407548483868595212697982788086
-0.17774879808093510535904613334423629567027091979980
-0.61127302552089834986048799692071042954921722412109
-0.62961972407987787381244970674742944538593292236328
-0.38942053526589842649130446261551696807146072387695
-0.42161077499331839346652373023971449583768844604492
-0.82945261458501706730572777814813889563083648681641
-0.77735691179422461427606094730435870587825775146484
-0.54672575166595660522972366379690356552600860595703
-0.59726268995235620717920710376347415149211883544922
-0.28803005194180397730008280632318928837776184082031
-0.17506132295492604633579958317568525671958923339844
-0.33974208519346388301940464771178085356950759887695
-0.28392610484085684108279679094266612082719802856445
-0.55484754533645241902917177867493592202663421630859
-0.66251850623792818417712169321021065115928649902344
-0.66095974173353500003003091478603892028331756591797
-0.60976704480005305963885575692984275519847869873047
-0.50485164356046841049874274176545441150665283203125
-0.45149090860126084301384707941906526684761047363281
1.08910651247767509275377051380928605794906616210938
1.02913843531469972880643126700306311249732971191406
0.33565582329244908477150488579354714602231979370117
0.23053126856039055092573164529312634840607643127441
0.22235393451045037949143079458735883235931396484375
0.17330886610715881546163075199729064479470252990723
0.40385243289618100170912384783150628209114074707031
0.51459914360359360063768008330953307449817657470703
0.34422341842743930939718666195403784513473510742188
0.40030290475620616819085739734873641282320022583008
0.91219605926711333498957401388906873762607574462891
0.68361031040336939224033585560391657054424285888672
1.37569509694674252386903390288352966308593750000000
1.26573979985973927853137865895405411720275878906250
1.42343897300957311635727364773629233241081237792969
1.37449944564303971894503320072544738650321960449219
1.44023082642608213355117641185643151402473449707031
1.37921505670561228562576161493780091404914855957031
0.84171623375976734049430660888901911675930023193359
0.70443960806655336881476614507846534252166748046875
0.49936007272209809171314986997458618134260177612305
0.48237236976140529520762356696650385856628417968750
0.92040071387986233109046452227630652487277984619141
0.76613638522595561841654898671549744904041290283203
0.50784738710008159312536690777051262557506561279297
0.71844030832305216804911651706788688898086547851562
0.67128026368377069488246888795401901006698608398438
0.46029591124441870952921362913912162184715270996094
0.18589639698356355546060569849942112341523170471191
0.27171479724482988649114645340887364000082015991211
0.38614557237547747492456551299255806952714920043945
0.54911847859202023158786687417887151241302490234375
0.30071860333059247105680356071388814598321914672852
0.54950990980840164201737252369639463722705841064453
-1.54305537843878259884888848318951204419136047363281
-1.57408611932722108939231020485749468207359313964844
-1.23391171604350646795467127958545461297035217285156
-1.15908998924680939346387731347931548953056335449219
-1.39509105469410177313704934931593015789985656738281
-1.38109952388118784050163867505034431815147399902344
-1.24198158911905642831641216616844758391380310058594
-1.56823975437750906536393813439644873142242431640625
-1.61831104571454464924329386121826246380805969238281
-1.61297514612238113151931884203804656863212585449219
-1.55495180479142014462468068813905119895935058593750
-1.56246254635399650645410929428180679678916931152344
-1.45436791368600015772472033859230577945709228515625
-1.54465985586594878320454427012009546160697937011719
-1.59323546351803435605631875660037621855735778808594
-1.55252959471574025762663495697779580950736999511719
-1.64277241756035707886951513501117005944252014160156
-1.74683752728577590396241703274426981806755065917969
-1.08943312400728475886069190892158076167106628417969
-1.08844646866571648224919499625684693455696105957031
-1.15002237048814648368022517388453707098960876464844
-0.98775838038868357671162812039256095886230468750000
-0.97004371625539531631687850676826201379299163818359
-0.92994487445922435764344982089824043214321136474609
-1.30743328536609504375576307211304083466529846191406
-0.28095245846973804226820448093349114060401916503906
-1.41118876021760253358650061272783204913139343261719
-1.24999889044284895334158136392943561077117919921875
-0.31282646037614708633967097739514429122209548950195
-1.50049715704725783460560251114657148718833923339844
-0.33631102676708629628521407539665233343839645385742
-0.28298714131811603111898989482142496854066848754883
-0.16963780327858080099190374312456697225570678710938
-0.28082082430799776284757740540953818708658218383789
-0.01330184679239304092190909756254768581129610538483
-0.11960454709334984724211636830659699626266956329346
-0.17339941558339297400515022218314697965979576110840
-0.11554028000294619404897389358666259795427322387695
-0.00695649843481232349473586396015889476984739303589
0.04148706628569772542070026588589826133102178573608
-0.12670847649920868871475931882741861045360565185547
-0.17855643579269350751381750797008862718939781188965
-0.01729237100070392038619893071427213726565241813660
0.03595200954651707470066668292929534800350666046143
-0.01631134731771681500855919466630439274013042449951
-0.12140368715842263236392994940615608356893062591553
0.91554853574246275460524202571832574903964996337891
0.74463549997785127843030750227626413106918334960938
0.86171324213262756597231373234535567462444305419922
0.90181669147487164561738381962641142308712005615234
0.85093288696500657408705592388287186622619628906250
0.72429854864952680770784354535862803459167480468750
0.84728825341462365994260608204058371484279632568359
0.66731898000080691613078442969708703458309173583984
0.73942488025603880785752153315115720033645629882812
0.91716855395599417022367561003193259239196777343750
0.85552157973475395635887252865359187126159667968750
0.91250643395237329702496253958088345825672149658203
1.03126989736219254467641803785227239131927490234375
1.36327074951816684666994206054368987679481506347656
1.24749846798830299476890104415360838174819946289062
1.25331545243116382337689174164552241563796997070312
1.08042668171272082666689584584673866629600524902344
1.07874546879082644501579579809913411736488342285156
1.02162897960224752225144584372173994779586791992188
0.74727412477488874831266230103210546076297760009766
0.86246798210564934450417240441311150789260864257812
1.03401678584422396234288044070126488804817199707031
1.09284895599291598244917622650973498821258544921875
1.03343544212034621487816821172600612044334411621094
0.91993716815952808474321500398218631744384765625000
-1.42444066831378179927014571148902177810668945312500
-1.44421279180802386576942808460444211959838867187500
-1.30508347543024183501358947978587821125984191894531
-1.46946294001513422244897810742259025573730468750000
-1.64291606319815564063446799991652369499206542968750
-1.54880901852172581101285686600022017955780029296875
-1.13647090515176896197147016209783032536506652832031
-1.10374347474179379524628075159853324294090270996094
-0.99146997278992332613967164434143342077732086181641
-0.93242755374923758093785863820812664926052093505859
-0.97594142255578431033313790976535528898239135742188
-1.06771127200644522226014032639795914292335510253906
0.57360340139225385325261186153511516749858856201172
0.68730406823734468968467581362347118556499481201172
0.51893617701360805760657513019395992159843444824219
0.85859097612561818824161719021503813564777374267578
0.91709114906440392100961389587610028684139251708984
0.86242504525227781098095647394075058400630950927734
0.74742425077527652188535967070492915809154510498047
0.69067314868152129836431640796945430338382720947266
0.57586648141495500041742161556612700223922729492188
0.68949203579622653226266493220464326441287994384766
0.74717377021973663264731158051290549337863922119141
0.51876080892188769499995260048308409750461578369141
0.57588574176494378153989828206249512732028961181641
