103
120
101
120
1
102
86
86
226
271
356
0
87
87
410
72
71
72
101
1
248
389
389
388
389
119
119
101
161
294
272
295
141
0
404
410
404
406
406
414
406
63
57
55
335
373
335
353
353
270
315
139
225
120
239
159
160
137
160
159
138
160
141
182
272
271
316
414
399
400
418
0
413
400
374
358
374
102
103
121
33
77
62
2
58
57
58
73
66
412
408
403
382
364
388
387
405
291
247
202
223
270
247
293
20
137
20
179
115
18
202
18
183
227
3
226
204
37
295
297
317
297
317
336
374
336
336
236
256
256
234
259
280
45
298
189
167
359
376
401
394
412
407
407
401
407
381
280
340
361
32
143
36
63
68
66
68
88
104
88
88
103
66
75
67
333
398
405
398
403
409
403
409
409
409
405
308
371
371
370
370
8
290
314
353
315
314
334
203
202
203
161
12
11
314
13
13
289
267
289
237
238
238
239
214
237
214
240
217
117
22
117
23
136
137
136
118
136
100
157
157
156
157
158
21
135
179
158
176
155
134
156
97
117
116
115
63
54
71
56
180
180
164
163
163
183
141
182
183
162
162
249
204
249
249
205
204
205
205
298
275
296
43
236
258
237
258
258
280
306
282
282
260
282
282
48
339
320
320
319
300
337
317
337
318
298
319
170
191
191
210
211
190
211
211
168
169
169
190
125
148
147
193
360
359
49
379
379
390
401
390
390
394
395
53
4
395
52
52
364
52
304
280
304
321
341
341
340
342
51
303
302
342
363
363
344
363
364
364
365
125
94
29
30
29
92
77
29
143
142
144
64
63
64
79
30
67
74
74
73
10
10
7
369
367
368
397
385
7
6
6
396
6
5
383
383
4
383
403
329
330
307
307
307
326
307
308
328
347
348
367
347
327
310
11
312
9
369
350
269
269
247
269
15
14
313
352
353
388
352
225
248
224
247
224
224
224
245
245
217
195
196
215
241
239
262
176
197
132
132
133
133
115
154
133
156
97
24
71
65
99
99
99
78
78
77
27
27
69
94
95
39
184
250
228
207
231
208
233
256
233
210
278
278
256
278
45
319
46
125
124
146
167
145
145
165
167
145
105
192
149
171
171
192
173
154
175
175
154
175
175
176
194
194
215
194
173
194
236
214
213
213
191
213
50
49
50
51
50
378
49
377
377
376
391
377
392
393
381
51
393
322
321
301
300
324
342
323
322
343
303
323
325
325
366
366
366
4
5
366
367
33
107
107
125
127
127
149
127
91
110
92
90
75
89
90
351
333
9
351
372
351
7
386
386
386
370
289
288
308
309
285
11
332
331
349
349
330
349
349
369
198
219
198
176
178
198
219
218
217
218
82
24
98
96
96
114
70
80
69
80
186
165
206
206
40
228
296
272
273
252
231
275
298
274
253
274
251
231
255
254
254
188
167
188
302
300
277
277
47
319
48
359
338
338
338
359
338
357
36
35
34
34
34
105
33
106
128
114
113
113
131
304
281
305
324
326
306
345
345
326
365
344
345
31
76
30
31
108
32
108
91
93
111
111
128
109
109
91
126
109
128
267
266
308
284
284
261
241
263
262
263
312
286
16
16
15
16
246
17
83
83
65
71
100
83
26
25
97
25
70
81
82
81
81
26
185
39
166
187
187
186
207
230
229
229
40
251
229
42
42
251
42
250
276
276
276
255
300
276
122
121
122
36
104
122
150
151
151
151
131
130
129
152
173
152
94
93
112
112
130
112
288
286
265
311
312
330
331
311
311
199
178
179
200
17
18
201
201
180
201
220
220
244
245
222
221
38
38
38
39
164
184
209
188
189
210
209
209
264
286
241
243
266
243
243
264
219
242
242
242
241
103
120
101
120
1
102
86
86
226
271
356
0
87
87
410
72
71
72
101
1
248
389
389
388
389
119
119
101
161
294
272
295
141
0
404
410
404
406
406
414
406
63
57
55
335
373
335
353
353
270
315
139
225
120
239
159
160
137
160
159
138
160
141
182
272
271
316
414
399
400
418
0
413
400
374
358
374
102
103
121
33
77
62
2
58
57
58
73
66
412
408
403
382
364
388
387
405
291
247
202
223
270
247
293
20
137
20
179
115
18
202
18
183
227
3
226
204
37
295
297
317
297
317
336
374
336
336
236
256
256
234
259
280
45
298
189
167
359
376
401
394
412
407
407
401
407
381
280
340
361
32
143
36
63
68
66
68
88
104
88
88
103
66
75
67
333
398
405
398
403
409
403
409
409
409
405
308
371
371
370
370
8
290
314
353
315
314
334
203
202
203
161
12
11
314
13
13
289
267
289
237
238
238
239
214
237
214
240
217
117
22
117
23
136
137
136
118
136
100
157
157
156
157
158
21
135
179
158
176
155
134
156
97
117
116
115
63
54
71
56
180
180
164
163
163
183
141
182
183
162
162
249
204
249
249
205
204
205
205
298
275
296
43
236
258
237
258
258
280
306
282
282
260
282
282
48
339
320
320
319
300
337
317
337
318
298
319
170
191
191
210
211
190
211
211
168
169
169
190
125
148
147
193
360
359
49
379
379
390
401
390
390
394
395
53
4
395
52
52
364
52
304
280
304
321
341
341
340
342
51
303
302
342
363
363
344
363
364
364
365
125
94
29
30
29
92
77
29
143
142
144
64
63
64
79
30
67
74
74
73
10
10
7
369
367
368
397
385
7
6
6
396
6
5
383
383
4
383
403
329
330
307
307
307
326
307
308
328
347
348
367
347
327
310
11
312
9
369
350
269
269
247
269
15
14
313
352
353
388
352
225
248
224
247
224
224
224
245
245
217
195
196
215
241
239
262
176
197
132
132
133
133
115
154
133
156
97
24
71
65
99
99
99
78
78
77
27
27
69
94
95
39
184
250
228
207
231
208
233
256
233
210
278
278
256
278
45
319
46
125
124
146
167
145
145
165
167
145
105
192
149
171
171
192
173
154
175
175
154
175
175
176
194
194
215
194
173
194
236
214
213
213
191
213
50
49
50
51
50
378
49
377
377
376
391
377
392
393
381
51
393
322
321
301
300
324
342
323
322
343
303
323
325
325
366
366
366
4
5
366
367
33
107
107
125
127
127
149
127
91
110
92
90
75
89
90
351
333
9
351
372
351
7
386
386
386
370
289
288
308
309
285
11
332
331
349
349
330
349
349
369
198
219
198
176
178
198
219
218
217
218
82
24
98
96
96
114
70
80
69
80
186
165
206
206
40
228
296
272
273
252
231
275
298
274
253
274
251
231
255
254
254
188
167
188
302
300
277
277
47
319
48
359
338
338
338
359
338
357
36
35
34
34
34
105
33
106
128
114
113
113
131
304
281
305
324
326
306
345
345
326
365
344
345
31
76
30
31
108
32
108
91
93
111
111
128
109
109
91
126
109
128
267
266
308
284
284
261
241
263
262
263
312
286
16
16
15
16
246
17
83
83
65
71
100
83
26
25
97
25
70
81
82
81
81
26
185
39
166
187
187
186
207
230
229
229
40
251
229
42
42
251
42
250
276
276
276
255
300
276
122
121
122
36
104
122
150
151
151
151
131
130
129
152
173
152
94
93
112
112
130
112
288
286
265
311
312
330
331
311
311
199
178
179
200
17
18
201
201
180
201
220
220
244
245
222
221
38
38
38
39
164
184
209
188
189
210
209
209
264
286
241
243
266
243
243
264
219
242
242
242
241
60
85
138
139
270
141
102
141
355
355
400
412
60
55
416
56
84
84
85
139
270
353
416
411
411
84
138
84
120
226
294
294
86
415
418
411
411
400
415
417
417
54
55
87
354
354
389
389
335
292
335
120
248
161
260
19
161
159
181
181
119
119
140
140
295
356
295
400
356
356
404
418
412
406
400
357
375
142
102
104
89
79
67
57
63
61
61
61
61
413
402
402
53
53
372
411
411
315
246
17
17
248
292
292
159
21
19
19
97
17
181
181
182
182
226
294
182
143
316
296
44
44
297
297
357
356
316
212
257
235
235
260
281
44
44
190
168
358
358
392
392
408
408
415
415
392
392
257
48
340
89
37
37
58
62
62
58
106
106
73
87
104
73
62
62
313
397
387
387
397
397
408
408
413
404
397
328
9
387
387
9
369
291
291
315
291
313
291
225
223
181
181
313
313
290
290
12
12
13
13
260
216
260
216
236
238
238
216
216
135
135
22
22
21
119
22
22
119
118
135
178
177
177
20
135
157
20
157
177
177
135
135
115
23
134
134
70
63
56
54
19
18
143
143
184
184
182
183
163
142
163
228
227
294
227
183
228
184
228
299
299
44
44
235
235
236
259
257
259
283
281
259
259
261
283
340
340
299
339
339
299
45
336
336
299
45
299
190
192
190
234
189
189
212
234
190
147
170
170
147
169
169
214
48
376
48
391
378
376
391
406
375
402
381
381
53
402
381
53
380
380
281
279
279
340
322
361
361
361
380
279
322
362
362
343
343
380
344
382
344
148
28
28
92
93
93
67
67
36
143
121
70
68
68
69
67
75
75
88
88
333
331
369
348
384
348
398
396
368
368
385
385
384
396
396
5
402
402
396
309
309
327
283
306
327
328
283
327
329
329
348
346
346
309
12
12
331
8
8
290
292
268
268
14
290
333
334
334
353
372
203
225
293
293
246
223
203
14
267
196
216
174
216
240
261
240
196
196
131
115
134
132
132
155
155
134
116
116
59
59
23
118
24
69
79
28
28
78
78
95
26
205
205
249
249
230
232
230
255
234
234
232
279
257
255
302
337
318
318
124
123
147
147
36
166
166
146
146
106
193
170
150
170
172
174
131
174
155
153
153
196
155
174
193
195
195
172
172
214
193
193
212
212
192
361
378
362
362
379
379
360
378
360
390
378
390
381
379
52
379
52
302
322
320
320
304
343
341
341
324
322
324
343
324
365
382
346
5
384
384
346
124
32
124
126
126
150
150
148
92
93
91
76
74
32
74
371
10
371
10
352
352
385
385
398
8
8
267
312
309
310
310
312
10
10
331
350
329
329
348
350
197
199
177
197
177
199
197
197
240
240
24
99
65
26
95
97
64
64
27
27
166
37
39
230
228
250
43
296
250
253
230
253
275
252
252
43
43
253
233
232
233
168
166
189
278
301
301
278
339
46
339
48
337
46
47
47
358
358
145
145
123
124
35
35
106
105
150
95
130
132
132
324
304
325
325
306
281
346
327
325
346
365
325
90
90
76
91
107
107
31
31
110
129
110
129
110
108
108
127
127
110
245
288
285
262
283
283
262
285
284
284
288
310
245
222
268
268
17
222
99
98
98
65
84
84
96
24
24
96
80
65
65
25
80
25
206
206
186
188
185
185
208
206
41
206
41
252
252
43
273
41
41
273
254
275
253
254
277
277
35
144
144
35
121
105
171
129
172
171
130
129
151
151
153
153
93
111
95
113
113
111
266
287
287
332
287
331
332
310
287
221
199
178
180
18
180
222
221
200
200
199
221
266
222
221
220
185
37
186
185
184
39
187
187
188
189
232
208
263
265
263
265
244
244
264
243
218
220
243
218
264
