103
120
101
120
1
102
86
86
226
271
356
0
87
87
410
72
71
72
101
1
248
389
389
388
389
119
119
101
161
294
272
295
141
0
404
410
404
406
406
414
406
63
57
55
335
373
335
353
353
270
315
139
225
120
239
159
160
137
160
159
138
160
141
182
272
271
316
414
399
400
418
0
413
400
374
358
374
102
103
121
33
77
62
2
58
57
58
73
66
412
408
403
382
364
388
387
405
291
247
202
223
270
247
293
20
137
20
179
115
18
202
18
183
227
3
226
204
37
295
297
317
297
317
336
374
336
336
236
256
256
234
259
280
45
298
189
167
359
376
401
394
412
407
407
401
407
381
280
340
361
32
143
36
63
68
66
68
88
104
88
88
103
66
75
67
333
398
405
398
403
409
403
409
409
409
405
308
371
371
370
370
8
290
314
353
315
314
334
203
202
203
161
12
11
314
13
13
289
267
289
237
238
238
239
214
237
214
240
217
117
22
117
23
136
137
136
118
136
100
157
157
156
157
158
21
135
179
158
176
155
134
156
97
117
116
115
63
54
71
56
180
180
164
163
163
183
141
182
183
162
162
249
204
249
249
205
204
205
205
298
275
296
43
236
258
237
258
258
280
306
282
282
260
282
282
48
339
320
320
319
300
337
317
337
318
298
319
170
191
191
210
211
190
211
211
168
169
169
190
125
148
147
193
360
359
49
379
379
390
401
390
390
394
395
53
4
395
52
52
364
52
304
280
304
321
341
341
340
342
51
303
302
342
363
363
344
363
364
364
365
125
94
29
30
29
92
77
29
143
142
144
64
63
64
79
30
67
74
74
73
10
10
7
369
367
368
397
385
7
6
6
396
6
5
383
383
4
383
403
329
330
307
307
307
326
307
308
328
347
348
367
347
327
310
11
312
9
369
350
269
269
247
269
15
14
313
352
353
388
352
225
248
224
247
224
224
224
245
245
217
195
196
215
241
239
262
176
197
132
132
133
133
115
154
133
156
97
24
71
65
99
99
99
78
78
77
27
27
69
94
95
39
184
250
228
207
231
208
233
256
233
210
278
278
256
278
45
319
46
125
124
146
167
145
145
165
167
145
105
192
149
171
171
192
173
154
175
175
154
175
175
176
194
194
215
194
173
194
236
214
213
213
191
213
50
49
50
51
50
378
49
377
377
376
391
377
392
393
381
51
393
322
321
301
300
324
342
323
322
343
303
323
325
325
366
366
366
4
5
366
367
33
107
107
125
127
127
149
127
91
110
92
90
75
89
90
351
333
9
351
372
351
7
386
386
386
370
289
288
308
309
285
11
332
331
349
349
330
349
349
369
198
219
198
176
178
198
219
218
217
218
82
24
98
96
96
114
70
80
69
80
186
165
206
206
40
228
296
272
273
252
231
275
298
274
253
274
251
231
255
254
254
188
167
188
302
300
277
277
47
319
48
359
338
338
338
359
338
357
36
35
34
34
34
105
33
106
128
114
113
113
131
304
281
305
324
326
306
345
345
326
365
344
345
31
76
30
31
108
32
108
91
93
111
111
128
109
109
91
126
109
128
267
266
308
284
284
261
241
263
262
263
312
286
16
16
15
16
246
17
83
83
65
71
100
83
26
25
97
25
70
81
82
81
81
26
185
39
166
187
187
186
207
230
229
229
40
251
229
42
42
251
42
250
276
276
276
255
300
276
122
121
122
36
104
122
150
151
151
151
131
130
129
152
173
152
94
93
112
112
130
112
288
286
265
311
312
330
331
311
311
199
178
179
200
17
18
201
201
180
201
220
220
244
245
222
221
38
38
38
39
164
184
209
188
189
210
209
209
264
286
241
243
266
243
243
264
219
242
242
242
241
60
85
138
139
270
141
102
141
355
355
400
412
60
55
416
56
84
84
85
139
270
353
416
411
411
84
138
84
120
226
294
294
86
415
418
411
411
400
415
417
417
54
55
87
354
354
389
389
335
292
335
120
248
161
260
19
161
159
181
181
119
119
140
140
295
356
295
400
356
356
404
418
412
406
400
357
375
142
102
104
89
79
67
57
63
61
61
61
61
413
402
402
53
53
372
411
411
315
246
17
17
248
292
292
159
21
19
19
97
17
181
181
182
182
226
294
182
143
316
296
44
44
297
297
357
356
316
212
257
235
235
260
281
44
44
190
168
358
358
392
392
408
408
415
415
392
392
257
48
340
89
37
37
58
62
62
58
106
106
73
87
104
73
62
62
313
397
387
387
397
397
408
408
413
404
397
328
9
387
387
9
369
291
291
315
291
313
291
225
223
181
181
313
313
290
290
12
12
13
13
260
216
260
216
236
238
238
216
216
135
135
22
22
21
119
22
22
119
118
135
178
177
177
20
135
157
20
157
177
177
135
135
115
23
134
134
70
63
56
54
19
18
143
143
184
184
182
183
163
142
163
228
227
294
227
183
228
184
228
299
299
44
44
235
235
236
259
257
259
283
281
259
259
261
283
340
340
299
339
339
299
45
336
336
299
45
299
190
192
190
234
189
189
212
234
190
147
170
170
147
169
169
214
48
376
48
391
378
376
391
406
375
402
381
381
53
402
381
53
380
380
281
279
279
340
322
361
361
361
380
279
322
362
362
343
343
380
344
382
344
148
28
28
92
93
93
67
67
36
143
121
70
68
68
69
67
75
75
88
88
333
331
369
348
384
348
398
396
368
368
385
385
384
396
396
5
402
402
396
309
309
327
283
306
327
328
283
327
329
329
348
346
346
309
12
12
331
8
8
290
292
268
268
14
290
333
334
334
353
372
203
225
293
293
246
223
203
14
267
196
216
174
216
240
261
240
196
196
131
115
134
132
132
155
155
134
116
116
59
59
23
118
24
69
79
28
28
78
78
95
26
205
205
249
249
230
232
230
255
234
234
232
279
257
255
302
337
318
318
124
123
147
147
36
166
166
146
146
106
193
170
150
170
172
174
131
174
155
153
153
196
155
174
193
195
195
172
172
214
193
193
212
212
192
361
378
362
362
379
379
360
378
360
390
378
390
381
379
52
379
52
302
322
320
320
304
343
341
341
324
322
324
343
324
365
382
346
5
384
384
346
124
32
124
126
126
150
150
148
92
93
91
76
74
32
74
371
10
371
10
352
352
385
385
398
8
8
267
312
309
310
310
312
10
10
331
350
329
329
348
350
197
199
177
197
177
199
197
197
240
240
24
99
65
26
95
97
64
64
27
27
166
37
39
230
228
250
43
296
250
253
230
253
275
252
252
43
43
253
233
232
233
168
166
189
278
301
301
278
339
46
339
48
337
46
47
47
358
358
145
145
123
124
35
35
106
105
150
95
130
132
132
324
304
325
325
306
281
346
327
325
346
365
325
90
90
76
91
107
107
31
31
110
129
110
129
110
108
108
127
127
110
245
288
285
262
283
283
262
285
284
284
288
310
245
222
268
268
17
222
99
98
98
65
84
84
96
24
24
96
80
65
65
25
80
25
206
206
186
188
185
185
208
206
41
206
41
252
252
43
273
41
41
273
254
275
253
254
277
277
35
144
144
35
121
105
171
129
172
171
130
129
151
151
153
153
93
111
95
113
113
111
266
287
287
332
287
331
332
310
287
221
199
178
180
18
180
222
221
200
200
199
221
266
222
221
220
185
37
186
185
184
39
187
187
188
189
232
208
263
265
263
265
244
244
264
243
218
220
243
218
264
102
101
120
85
354
142
60
102
271
356
374
415
103
60
411
71
72
101
72
248
1
388
373
389
416
100
101
119
138
271
295
271
140
417
410
404
405
414
401
406
415
2
61
61
270
335
373
335
315
315
270
225
139
225
261
181
138
160
161
160
160
137
182
3
296
316
271
399
355
399
413
413
0
375
375
374
358
121
121
103
106
62
77
58
2
58
66
87
73
408
394
408
4
382
387
388
387
292
268
223
246
293
293
270
137
20
159
20
114
202
18
19
204
3
227
227
227
164
297
295
297
296
336
316
336
374
356
235
235
234
212
237
259
317
45
168
147
376
375
391
407
407
394
412
407
401
394
279
49
49
33
36
165
68
79
68
66
89
88
87
103
88
75
66
75
11
405
398
370
396
403
409
413
404
405
409
309
370
372
371
8
7
292
290
334
334
334
314
161
203
202
203
314
12
13
14
314
13
14
267
238
215
239
238
237
214
215
239
240
22
21
23
118
137
136
21
136
100
136
156
179
157
178
21
158
158
158
179
155
156
117
134
116
116
117
116
59
59
59
59
179
19
163
142
164
163
162
162
162
141
142
204
249
272
294
204
205
183
40
275
300
43
298
258
257
258
237
280
258
282
306
281
282
260
261
339
321
319
321
320
320
317
337
357
298
318
318
191
170
211
211
210
211
191
212
169
168
149
169
148
149
148
215
359
360
360
392
391
375
390
401
406
395
394
395
395
4
53
364
52
51
280
304
303
341
321
342
341
362
362
302
303
363
380
342
363
364
363
365
364
126
93
77
29
28
29
29
30
144
144
142
63
64
79
64
76
76
73
89
74
11
9
368
368
368
367
385
397
6
384
7
6
5
6
5
4
383
403
383
328
329
328
306
326
307
308
307
347
328
347
347
367
347
330
312
289
350
350
9
292
247
269
15
269
269
352
313
352
352
388
224
224
248
224
247
246
223
15
14
195
217
195
195
262
262
239
197
217
154
114
115
154
133
133
156
133
24
23
65
70
118
100
23
79
77
78
94
28
27
27
27
40
39
272
250
208
208
231
256
233
210
233
257
256
278
279
46
46
45
146
146
125
146
165
167
145
145
123
104
172
171
149
192
171
153
153
196
154
175
174
176
175
173
215
194
174
194
193
213
213
192
236
213
191
49
50
361
50
51
50
377
49
376
377
377
391
393
392
393
393
51
301
301
321
301
303
323
342
323
323
323
303
344
343
382
4
365
366
366
367
366
107
33
125
107
148
128
127
149
30
92
110
75
90
90
89
372
351
351
9
351
333
386
398
370
7
386
288
289
285
285
286
332
11
332
330
331
349
348
369
349
219
198
176
198
198
178
218
217
218
241
98
98
82
95
114
96
80
69
80
26
165
186
40
207
41
41
273
273
272
231
252
274
274
251
274
298
274
254
254
231
232
167
188
168
277
277
302
255
319
47
47
47
357
337
46
338
359
338
35
123
124
33
123
34
34
34
129
113
131
114
113
305
305
326
305
305
305
327
326
345
345
345
344
32
31
31
30
126
108
32
108
111
130
128
111
91
126
109
109
128
109
266
267
284
261
308
284
263
286
263
285
287
287
15
245
16
246
16
16
100
99
83
83
83
71
25
82
25
97
81
70
81
82
26
81
207
185
187
166
207
187
187
229
251
40
229
229
230
251
43
42
250
42
253
300
275
276
276
255
105
122
36
122
122
104
151
150
173
172
152
152
152
173
152
131
112
112
94
95
112
130
265
265
288
312
311
311
311
330
310
200
200
200
179
201
201
17
222
201
221
219
199
245
244
244
244
186
164
37
38
38
38
208
209
209
209
210
232
286
264
264
266
243
220
265
242
242
219
220
241
242
